essay_id,data_value
1,0.61149794
2,0.6106122
3,0.6118456
4,0.6107725
5,0.61184573
6,0.61137325
7,0.6109347
8,0.6102687
9,0.61110365
10,0.6111216
11,0.6118399
12,0.6114785
13,0.61042535
14,0.6109956
15,0.61116636
16,0.6085722
17,0.61126065
18,0.6113242
19,0.6119622
20,0.611232
21,0.6112945
22,0.6120209
23,0.61015576
24,0.60939974
25,0.6113169
26,0.6110676
27,0.6118701
28,0.6108706
29,0.610918
30,0.6108331
31,0.6106197
32,0.6105564
33,0.6112373
34,0.6116572
35,0.61100966
36,0.610594
37,0.6086149
38,0.61114776
39,0.6100124
40,0.61062735
41,0.61157185
42,0.61082834
43,0.6107601
44,0.61099035
45,0.61149496
46,0.611123
47,0.61112094
48,0.6095024
49,0.61155343
50,0.6108219
51,0.61140764
52,0.6118029
53,0.61176884
54,0.61044127
55,0.6109275
56,0.6103223
57,0.61129946
58,0.6107906
59,0.6117832
60,0.6114027
61,0.61119944
62,0.61188823
63,0.6111847
64,0.6107156
65,0.6116321
66,0.61141723
67,0.6110297
68,0.61079043
69,0.6119759
70,0.6086105
71,0.61024326
72,0.6101349
73,0.61194587
74,0.61188626
75,0.61123985
76,0.61164606
77,0.61069417
78,0.61024624
79,0.6098764
80,0.6118574
81,0.6114149
82,0.6112392
83,0.6103993
84,0.61155206
85,0.6105324
86,0.61183655
87,0.6106178
88,0.6105678
89,0.6115217
90,0.61160004
91,0.61077183
92,0.60940415
93,0.609723
94,0.6113408
95,0.6105603
96,0.61180377
97,0.61140007
98,0.6093384
99,0.6113177
100,0.61186856
101,0.6104975
102,0.6112175
103,0.6116055
104,0.6096968
105,0.6114972
106,0.6088051
107,0.6105399
108,0.6113351
109,0.61154145
110,0.6109608
111,0.6098012
112,0.61127114
113,0.61143595
114,0.6116705
115,0.6113325
116,0.6112564
117,0.61130077
118,0.6085524
119,0.61087644
120,0.6114778
121,0.611852
122,0.61142445
123,0.6099984
124,0.6115424
125,0.6120075
126,0.61045545
127,0.61114126
128,0.6106237
129,0.6099883
130,0.61018676
131,0.6106107
132,0.60987186
133,0.61048746
134,0.60987514
135,0.6117879
136,0.6112066
137,0.6117524
138,0.60956377
139,0.61037177
140,0.6108993
141,0.610592
142,0.6099424
143,0.61162126
144,0.6103822
145,0.60976696
146,0.61116433
147,0.6084914
148,0.61042196
149,0.61179173
150,0.6116561
151,0.61042404
152,0.6110681
153,0.6114094
154,0.608279
155,0.61058617
156,0.61143285
157,0.61123216
158,0.6105858
159,0.6108204
160,0.61112916
161,0.6101888
162,0.6080953
163,0.611335
164,0.6108828
165,0.6115505
166,0.60995626
167,0.61172223
168,0.6114031
169,0.6111498
170,0.6118032
171,0.6106773
172,0.61070204
173,0.6106588
174,0.6118904
175,0.6115456
176,0.6101532
177,0.61130136
178,0.6117189
179,0.6114251
180,0.6104605
181,0.6106478
182,0.6111532
183,0.6116402
184,0.6111866
185,0.6119297
186,0.6112326
187,0.6107942
188,0.61095893
189,0.6107664
190,0.609565
191,0.6105175
192,0.60902554
193,0.6118047
194,0.61012626
195,0.611659
196,0.6115972
197,0.61062706
198,0.6100876
199,0.60957545
200,0.6117173
201,0.6110507
202,0.6114554
203,0.6102501
204,0.61027074
205,0.6107951
206,0.60970956
207,0.61124
208,0.6108194
209,0.6109517
210,0.6107378
211,0.6112269
212,0.611938
213,0.6109487
214,0.6115057
215,0.610466
216,0.61141235
217,0.61070824
218,0.61151636
219,0.6109189
220,0.6105603
221,0.61186194
222,0.6112868
223,0.61189485
224,0.6115358
225,0.6086775
226,0.61102676
227,0.6107462
228,0.61168706
229,0.6113207
230,0.61126757
231,0.6110552
232,0.60872376
233,0.6117251
234,0.61189836
235,0.61185855
236,0.6114658
237,0.6116882
238,0.61040854
239,0.6107462
240,0.6109564
241,0.61054665
242,0.6114178
243,0.6093563
244,0.61148524
245,0.6101218
246,0.6093549
247,0.61157024
248,0.61148155
249,0.6108973
250,0.6097699
251,0.6111612
252,0.6107405
253,0.6118083
254,0.61052614
255,0.6113256
256,0.61148435
257,0.611494
258,0.609578
259,0.61122304
260,0.61190337
261,0.61111444
262,0.6113438
263,0.6107802
264,0.6114732
265,0.60966045
266,0.6096311
267,0.6102113
268,0.61132157
269,0.61074096
270,0.6113303
271,0.6109874
272,0.6106798
273,0.6113255
274,0.6113031
275,0.60885423
276,0.61089087
277,0.6109309
278,0.6109096
279,0.61028886
280,0.6106406
281,0.6118987
282,0.61139196
283,0.6116489
284,0.61082226
285,0.6089807
286,0.61144567
287,0.6086915
288,0.6113953
289,0.6099795
290,0.6097358
291,0.60967165
292,0.6095325
293,0.6115194
294,0.6100962
295,0.6097478
296,0.6104752
297,0.6109491
298,0.61146206
299,0.6115827
300,0.6118799
301,0.6112172
302,0.61077917
303,0.6107005
304,0.61146706
305,0.61056906
306,0.61172694
307,0.6105914
308,0.6106414
309,0.61048144
310,0.61048114
311,0.6107614
312,0.6119751
314,0.61104333
315,0.6100102
316,0.6113773
317,0.610174
318,0.61176544
319,0.61091954
320,0.6110544
321,0.608529
322,0.61149776
323,0.610131
324,0.61173445
325,0.6106241
326,0.6102736
327,0.61076874
328,0.61174196
329,0.6113174
330,0.6098416
331,0.6103906
332,0.61188287
333,0.61147296
334,0.6106094
335,0.61063546
336,0.60926324
337,0.6100088
338,0.60985243
339,0.6093981
340,0.6106236
341,0.61156905
342,0.61108285
343,0.6107007
345,0.6107056
346,0.6088033
347,0.6116331
348,0.6113874
349,0.61133426
350,0.61192024
351,0.6106782
352,0.611456
353,0.6110914
354,0.611856
355,0.61153346
356,0.61131835
357,0.61118305
358,0.6109981
359,0.6117274
360,0.6113544
361,0.6104482
362,0.6107057
363,0.6112128
364,0.6093257
365,0.6114293
366,0.61191374
367,0.6118773
368,0.61046743
369,0.6114101
370,0.61052203
371,0.6117402
372,0.61037403
373,0.6113302
374,0.61194956
375,0.61157364
376,0.6116571
377,0.6105446
378,0.6093091
379,0.6110005
380,0.6099928
381,0.6109085
382,0.61187625
383,0.6097677
384,0.6110594
385,0.6097624
386,0.6102153
387,0.6112133
388,0.6119994
389,0.6111605
390,0.610423
391,0.6085991
392,0.6117906
393,0.6111691
394,0.61031634
395,0.61108416
396,0.611635
397,0.61057884
398,0.6103329
399,0.61171097
400,0.61168736
401,0.610876
402,0.6109592
403,0.6118125
404,0.61154276
405,0.6109989
406,0.6114037
407,0.61167145
408,0.6108955
409,0.61126184
410,0.61101234
411,0.60907567
412,0.610233
413,0.61126584
414,0.61115664
415,0.61195534
416,0.611113
417,0.6110148
418,0.6085745
419,0.6116454
420,0.6113571
421,0.61134803
422,0.6119978
423,0.61121404
424,0.61112744
425,0.6103935
426,0.6111445
427,0.609598
428,0.6115604
429,0.6110478
430,0.61188954
431,0.6091351
432,0.61107135
433,0.6092061
434,0.61176103
435,0.60937697
436,0.6116714
437,0.61113214
438,0.6113974
439,0.6099592
440,0.6112024
441,0.6113882
442,0.6101824
443,0.6111796
444,0.6115363
445,0.61109805
446,0.610491
447,0.6097105
448,0.6113244
449,0.61169213
450,0.6118508
451,0.6114997
452,0.610742
453,0.61124206
454,0.61187154
455,0.6115008
456,0.6118173
457,0.61027515
458,0.6106337
459,0.6111463
460,0.61182094
461,0.6116152
462,0.6113483
463,0.61182255
464,0.611548
465,0.61134326
466,0.61078686
467,0.6111194
468,0.60973036
469,0.6107755
470,0.61161506
471,0.61111706
472,0.60873604
473,0.61152315
474,0.6107459
475,0.6110787
476,0.61133426
477,0.6112566
478,0.611737
479,0.6106113
480,0.61180407
481,0.61092234
482,0.6106141
483,0.6107874
484,0.6117736
485,0.61064297
486,0.61125946
487,0.6112064
488,0.6118753
489,0.6109692
490,0.61185414
491,0.61147493
492,0.6117883
493,0.6110796
494,0.6104643
495,0.6114303
496,0.6109884
497,0.61135656
498,0.60871196
499,0.611317
500,0.6098434
501,0.6119426
502,0.6093992
503,0.61052907
504,0.61057436
505,0.61077064
506,0.61174953
507,0.6101981
508,0.61089444
509,0.6091279
510,0.61200327
511,0.6113392
512,0.6111582
513,0.6116348
514,0.6111989
515,0.6109647
516,0.61185026
517,0.61170536
518,0.61139053
519,0.6088749
520,0.6114368
521,0.61129177
522,0.61113113
523,0.6104227
524,0.6117542
525,0.61047786
526,0.61165863
527,0.6112427
528,0.6110803
529,0.6117808
530,0.6105046
531,0.6098492
532,0.6115188
533,0.61193717
534,0.60979265
535,0.6114561
536,0.61171764
537,0.6113433
538,0.6110442
539,0.6101607
540,0.61133176
541,0.61186993
542,0.610683
543,0.61120236
544,0.611501
545,0.6117513
546,0.6110836
547,0.6115048
548,0.6116671
549,0.61183286
550,0.6108846
551,0.61132145
552,0.610703
553,0.61159015
554,0.6115098
555,0.6095942
556,0.6103512
557,0.6106871
558,0.61036944
559,0.6086857
560,0.61141664
561,0.6114937
562,0.61093885
563,0.6116619
564,0.611867
565,0.6112083
566,0.61138386
567,0.6111978
568,0.6116864
569,0.6110132
570,0.61169976
571,0.61141086
572,0.60978895
573,0.6105205
574,0.61100996
575,0.61033136
576,0.61159617
577,0.6111505
578,0.61065936
579,0.6113997
580,0.6118398
581,0.61159086
582,0.609383
583,0.61139196
584,0.6112223
585,0.60997915
586,0.61171925
587,0.6105151
588,0.6107838
589,0.6109161
590,0.610986
591,0.6114385
592,0.61135256
593,0.6098098
594,0.6104553
595,0.6112963
596,0.611106
597,0.6119075
598,0.61137885
599,0.6116932
600,0.61138314
601,0.61123633
602,0.6114181
603,0.6097446
604,0.61108917
605,0.61145854
606,0.6117316
607,0.61134714
608,0.611493
609,0.611789
610,0.6116685
611,0.61056745
612,0.6102995
613,0.6115425
614,0.6115054
615,0.6107051
616,0.6113187
617,0.6110282
618,0.6117381
619,0.60968435
620,0.6105355
621,0.60942876
622,0.6111589
623,0.61173433
624,0.61171025
625,0.6095466
626,0.61137825
627,0.6112198
628,0.6086721
629,0.6100589
630,0.6118901
631,0.6117076
632,0.6099775
633,0.61157006
634,0.61175346
635,0.61017215
636,0.61051965
637,0.61171144
638,0.61105275
639,0.61155736
640,0.6117539
641,0.6119427
642,0.6118795
643,0.610416
644,0.611329
645,0.61143374
646,0.61111337
647,0.60853094
648,0.6115169
649,0.6109074
650,0.6102731
651,0.6113731
652,0.6102171
653,0.61137605
654,0.6104855
655,0.61148125
656,0.611498
657,0.6108937
658,0.6113454
659,0.60977167
660,0.60978746
661,0.61098003
662,0.61128134
663,0.61123323
664,0.61140823
665,0.61182076
666,0.6118735
667,0.61054236
668,0.60998726
669,0.6119616
670,0.61181545
671,0.61091614
672,0.6109598
673,0.6105705
674,0.61126053
675,0.61161184
676,0.610539
677,0.6112114
678,0.61172867
679,0.611716
680,0.6113083
681,0.6114702
682,0.609444
683,0.6108345
684,0.6116741
685,0.6115366
686,0.6107273
687,0.61140287
688,0.6102264
689,0.611519
690,0.6106901
691,0.6110295
692,0.6114805
693,0.6111755
694,0.61095464
695,0.6107928
696,0.6110919
697,0.6115726
698,0.6120229
699,0.6084881
700,0.61076635
701,0.6118081
702,0.6109279
703,0.61182505
704,0.6118648
705,0.61176014
706,0.6103378
707,0.6116404
708,0.6107628
709,0.61067045
710,0.60947186
711,0.6106743
712,0.61127627
713,0.610048
714,0.61069995
715,0.60935
716,0.61042047
717,0.61132956
718,0.610431
719,0.6118145
720,0.61077964
721,0.610498
722,0.610372
723,0.6106876
724,0.6118293
725,0.61141956
726,0.60971415
727,0.61096674
728,0.61131084
729,0.610483
730,0.6102202
731,0.6117355
732,0.6103661
733,0.6094535
734,0.6102349
735,0.6116066
736,0.6100747
737,0.61138105
738,0.61174756
739,0.6106435
740,0.6119114
741,0.61141986
742,0.61026573
743,0.61045885
744,0.61064744
745,0.6110027
746,0.61142474
747,0.60982794
748,0.6113849
749,0.6105884
750,0.6116359
751,0.6118476
752,0.6108959
753,0.6108701
754,0.61089844
755,0.6110633
756,0.61121017
757,0.61087334
758,0.6115988
759,0.60961497
760,0.61112654
761,0.6112142
762,0.6106738
763,0.61117244
764,0.6112819
765,0.61162853
766,0.61090875
767,0.611669
768,0.61161596
769,0.61040914
770,0.6114821
771,0.6109981
772,0.6100193
773,0.6118128
774,0.6115302
775,0.61186683
776,0.61048585
777,0.6106131
778,0.61128587
779,0.6109015
780,0.61093193
781,0.61014646
782,0.60998213
783,0.6117903
784,0.61063695
785,0.6117778
786,0.61166
787,0.61166084
788,0.6112456
789,0.61193275
790,0.6111973
791,0.61065185
792,0.6117028
793,0.6092791
794,0.6115765
795,0.6113841
796,0.611781
797,0.6101407
798,0.61104137
799,0.61176234
800,0.60991985
801,0.6110965
802,0.6111093
803,0.6115314
804,0.6097568
805,0.6114603
806,0.6115445
807,0.6099029
808,0.61197394
809,0.6106762
810,0.6110178
811,0.61124635
812,0.611876
813,0.6110609
814,0.61137885
815,0.61010516
816,0.6113605
817,0.6085533
818,0.61089873
819,0.61150324
820,0.61202073
821,0.6108925
822,0.6111918
823,0.6116883
824,0.6112152
825,0.61193377
826,0.6100388
827,0.6105107
828,0.61113364
829,0.61172515
830,0.61003375
831,0.61156446
832,0.6117047
833,0.6112202
834,0.61012363
835,0.6107071
836,0.6117196
837,0.61190647
838,0.6108955
839,0.61032784
840,0.6113616
841,0.6110638
842,0.6116629
843,0.61107796
844,0.611516
845,0.61050826
846,0.610949
847,0.6088873
848,0.6114417
849,0.6105408
850,0.61015356
851,0.61105376
852,0.61078227
853,0.61100596
854,0.61192596
855,0.61108184
856,0.61047816
857,0.6104068
858,0.6113879
859,0.60915077
860,0.61160535
861,0.61173046
862,0.61150354
863,0.6105097
864,0.6104313
865,0.61112374
866,0.6115929
867,0.6110694
868,0.60828245
869,0.6108245
870,0.6110455
871,0.61052984
872,0.61100215
873,0.6111
874,0.608602
875,0.6093809
876,0.6114917
877,0.6094491
878,0.6107653
879,0.61151594
880,0.6102292
881,0.611533
882,0.610495
883,0.61119753
884,0.6106355
885,0.6117514
886,0.60945475
887,0.6109811
888,0.6105742
889,0.61147803
890,0.6113641
891,0.6114176
892,0.6104684
893,0.6116792
894,0.61016726
895,0.610484
896,0.61064225
897,0.6111306
898,0.61161953
899,0.61158013
900,0.60950345
901,0.61089665
902,0.6103119
903,0.61121446
904,0.61140764
905,0.6111312
906,0.6096422
907,0.61072713
908,0.61052763
909,0.6106207
910,0.6118947
911,0.6097256
912,0.6104584
913,0.61042714
914,0.6107182
915,0.6109486
916,0.6096092
917,0.6113166
918,0.6101211
919,0.6090912
920,0.61185306
921,0.6113138
922,0.6115365
923,0.6113706
924,0.6118389
925,0.6119903
926,0.61069804
927,0.6119967
928,0.6098276
929,0.61077124
930,0.6112532
931,0.6108719
932,0.6081136
933,0.610881
934,0.61151665
935,0.6113246
936,0.61071163
937,0.6096591
938,0.6093572
939,0.6112082
940,0.6116116
941,0.6087073
942,0.6111761
943,0.6110329
944,0.611114
945,0.61098874
946,0.611837
947,0.6102811
948,0.61114055
949,0.61155635
950,0.61064357
951,0.61115736
952,0.6119378
953,0.60911006
954,0.6101036
955,0.61119336
956,0.61079246
957,0.6102701
958,0.6104949
959,0.61139286
960,0.61151457
961,0.6117397
962,0.61070335
963,0.6109926
964,0.60928994
965,0.61170316
966,0.6118278
967,0.60980356
968,0.6102848
969,0.6110856
970,0.6096485
971,0.61065733
972,0.6118259
973,0.61184597
974,0.61140347
975,0.61116964
976,0.61095446
977,0.6118757
978,0.61108434
979,0.6104005
980,0.6106694
981,0.61062646
982,0.61169535
983,0.611779
984,0.6112735
985,0.61093366
986,0.60993665
987,0.6112225
988,0.6113741
989,0.6106044
990,0.6115774
991,0.61093926
992,0.6107695
993,0.61012185
994,0.61119795
995,0.6119709
996,0.61182714
997,0.610297
998,0.6115404
999,0.60872245
1000,0.608335
1001,0.6113888
1002,0.6114746
1003,0.61076444
1004,0.6110863
1005,0.61045253
1006,0.6119238
1007,0.610134
1008,0.61043656
1009,0.611802
1010,0.6111294
1011,0.61172235
1012,0.61068934
1013,0.61190176
1014,0.61139095
1015,0.6104904
1016,0.6110715
1017,0.6112434
1018,0.6105783
1019,0.60926986
1020,0.6104619
1021,0.61136246
1022,0.6096074
1023,0.611214
1024,0.6115388
1025,0.6114504
1026,0.6107219
1027,0.6118394
1028,0.6102934
1029,0.6108643
1030,0.60944545
1031,0.61119115
1032,0.6118487
1033,0.61055297
1034,0.6114023
1035,0.6109651
1036,0.6111346
1037,0.6114256
1038,0.6093957
1039,0.61136353
1040,0.61107886
1041,0.6116182
1042,0.6112699
1043,0.6113955
1044,0.6118061
1045,0.61065
1046,0.61075914
1047,0.6093216
1048,0.61043346
1049,0.61081845
1050,0.6094503
1051,0.61177987
1052,0.6108259
1053,0.61023325
1054,0.61139566
1055,0.6114143
1056,0.6117842
1057,0.610719
1058,0.6113057
1059,0.61079156
1060,0.61090374
1061,0.61185664
1062,0.61006224
1063,0.61068445
1064,0.6113865
1065,0.61064816
1066,0.61111754
1067,0.6109891
1068,0.6112329
1069,0.6101989
1070,0.61160284
1071,0.61090297
1072,0.6111357
1073,0.61107975
1074,0.6117253
1075,0.6114284
1076,0.61045647
1077,0.61109054
1078,0.60859656
1079,0.610937
1080,0.6115527
1081,0.6116166
1082,0.6110428
1083,0.6119286
1084,0.61021554
1085,0.6098577
1086,0.61142355
1087,0.60959816
1088,0.611503
1089,0.61145735
1090,0.61203533
1091,0.6101793
1092,0.6106311
1093,0.610934
1094,0.6112018
1095,0.6110515
1096,0.6119992
1097,0.60980445
1098,0.61117846
1099,0.6110164
1100,0.6103139
1101,0.6099994
1102,0.6117045
1103,0.6114059
1104,0.6106599
1105,0.61080873
1106,0.6113673
1107,0.61133856
1108,0.61115664
1109,0.610935
1110,0.61094236
1111,0.60976255
1112,0.6112706
1113,0.6102822
1114,0.61049235
1115,0.6108324
1116,0.61121714
1117,0.61162764
1118,0.6115137
1119,0.61080205
1120,0.611545
1121,0.61163396
1122,0.61041534
1123,0.61165416
1124,0.6116529
1125,0.6115548
1126,0.60969746
1127,0.61150414
1128,0.61148036
1129,0.61149603
1130,0.61114883
1132,0.61128706
1133,0.60876256
1134,0.6118701
1135,0.6095437
1136,0.61103165
1137,0.61164033
1138,0.6109078
1139,0.6106507
1140,0.6106061
1141,0.6115267
1142,0.6114642
1143,0.6113715
1144,0.60946083
1145,0.6107759
1146,0.61142313
1147,0.6107567
1148,0.61135316
1149,0.60991275
1150,0.61091864
1151,0.6104071
1152,0.6109615
1153,0.6111836
1154,0.60957485
1155,0.6116836
1156,0.6104985
1157,0.6109531
1158,0.6112786
1159,0.6080354
1160,0.6116956
1161,0.61151725
1162,0.61143947
1163,0.61074847
1164,0.6108522
1165,0.6115655
1166,0.61099035
1167,0.61090326
1168,0.6113465
1169,0.6101958
1170,0.6091421
1171,0.60885453
1172,0.61187106
1173,0.6115458
1174,0.6095511
1175,0.61154467
1176,0.6118203
1177,0.6118742
1178,0.61136353
1179,0.61185974
1180,0.6118293
1181,0.61017513
1182,0.6119777
1183,0.6111304
1184,0.60984755
1185,0.6117544
1186,0.6115335
1187,0.6099216
1188,0.6116277
1189,0.61121
1190,0.6114693
1191,0.6117387
1192,0.61148846
1193,0.61058843
1194,0.61086464
1195,0.6092697
1196,0.61147004
1197,0.61161244
1198,0.6104981
1199,0.6114654
1200,0.6114994
1201,0.60844254
1202,0.611281
1203,0.61159956
1204,0.6112239
1205,0.6114109
1206,0.60959566
1207,0.6118387
1208,0.6116037
1209,0.61163336
1210,0.6114612
1211,0.61048424
1212,0.6113144
1213,0.61149794
1214,0.61058027
1215,0.61179674
1216,0.61061347
1217,0.6115588
1218,0.61135787
1219,0.61148256
1220,0.6106816
1221,0.61073536
1222,0.6114478
1223,0.61062706
1224,0.61149293
1225,0.6112099
1226,0.6118991
1227,0.6095376
1228,0.6109629
1229,0.6116968
1230,0.6105396
1231,0.61103797
1232,0.6097942
1233,0.6111893
1234,0.6117418
1236,0.609857
1237,0.60924065
1238,0.6095542
1239,0.6094236
1240,0.61068404
1241,0.61093056
1242,0.61099434
1243,0.6098977
1244,0.6117793
1245,0.610227
1246,0.61181945
1247,0.6105452
1248,0.6113694
1249,0.61064976
1250,0.6085296
1251,0.6117662
1252,0.60998476
1253,0.6116474
1254,0.61132324
1255,0.60967773
1256,0.6118396
1257,0.61148524
1258,0.60883015
1259,0.6095671
1260,0.61134034
1261,0.6110785
1262,0.61121106
1263,0.61026466
1264,0.61108786
1265,0.6099095
1266,0.6110751
1267,0.61144036
1268,0.6117629
1269,0.60986984
1270,0.6094894
1271,0.6112098
1272,0.61077565
1273,0.610702
1274,0.61109275
1275,0.61189455
1276,0.61148345
1277,0.6119702
1278,0.6108085
1279,0.6112067
1280,0.6115743
1281,0.61101574
1282,0.61060035
1283,0.6100716
1284,0.6119329
1285,0.6112144
1286,0.6096242
1287,0.61037916
1288,0.61038655
1289,0.611681
1290,0.61185
1291,0.6111245
1292,0.61108065
1293,0.61180586
1294,0.6110118
1295,0.6114382
1296,0.61137027
1297,0.6113546
1298,0.6116592
1299,0.6093019
1300,0.6114937
1301,0.61081934
1302,0.60982877
1303,0.61190337
1304,0.60976505
1305,0.6094892
1306,0.61174667
1307,0.6107078
1308,0.6107039
1309,0.6119036
1310,0.61187226
1311,0.6101143
1312,0.61094517
1313,0.6114397
1314,0.6102669
1315,0.6114494
1316,0.61047983
1317,0.6113657
1318,0.61158687
1319,0.6112426
1320,0.60946643
1321,0.61087096
1322,0.61118793
1323,0.61137164
1324,0.6115015
1325,0.6107791
1326,0.611885
1327,0.6099408
1328,0.61178666
1329,0.6117491
1330,0.6118648
1331,0.6113889
1332,0.6107133
1333,0.6115542
1334,0.6106577
1335,0.6114631
1336,0.6106057
1337,0.6096595
1338,0.6111717
1339,0.6117198
1340,0.61148334
1341,0.61043096
1342,0.6109151
1343,0.61147153
1344,0.6116232
1345,0.6114413
1346,0.6112027
1347,0.61128473
1348,0.61082524
1349,0.60937965
1350,0.6105659
1351,0.6109878
1352,0.6111575
1353,0.61080086
1354,0.611141
1355,0.61178815
1356,0.6110849
1357,0.61132157
1358,0.609334
1359,0.6093532
1360,0.6117201
1361,0.610625
1362,0.61153597
1363,0.61193043
1364,0.6110794
1365,0.61101294
1366,0.6110974
1367,0.6102812
1368,0.61155784
1369,0.61117756
1370,0.6109571
1371,0.6083193
1372,0.6111527
1373,0.6115958
1374,0.6095511
1375,0.6102902
1376,0.6109884
1377,0.6113941
1378,0.611333
1379,0.60990316
1380,0.6090903
1381,0.61103195
1382,0.6103294
1383,0.6111443
1384,0.6100577
1385,0.6115425
1386,0.6105782
1387,0.6114706
1388,0.61144876
1389,0.6117192
1390,0.611358
1391,0.6115456
1392,0.6096915
1393,0.60947764
1394,0.6117736
1395,0.6112468
1396,0.61050916
1397,0.61140674
1398,0.61106545
1399,0.611849
1400,0.6109912
1401,0.6105351
1402,0.60979366
1403,0.608824
1404,0.61017996
1405,0.61124486
1406,0.6107686
1407,0.61007637
1408,0.6117628
1409,0.61059695
1410,0.61174273
1411,0.60898215
1412,0.6098241
1413,0.6114635
1414,0.61150575
1415,0.6084204
1416,0.611124
1417,0.6104804
1418,0.6116989
1419,0.6106718
1420,0.6113278
1421,0.6116583
1422,0.61194927
1423,0.6116102
1424,0.6102518
1425,0.61070657
1426,0.6101304
1427,0.60976636
1428,0.6111889
1429,0.61178815
1430,0.6110474
1431,0.61079997
1432,0.61141616
1433,0.61186713
1434,0.6115443
1435,0.6105827
1436,0.61153334
1437,0.6114636
1438,0.61094326
1439,0.6101471
1440,0.6104687
1441,0.6110837
1442,0.61103326
1443,0.6085286
1444,0.6098212
1445,0.6114121
1446,0.6090745
1447,0.6087766
1448,0.6103747
1449,0.61106867
1450,0.6098134
1451,0.6114246
1452,0.6089903
1453,0.6111944
1454,0.6097619
1455,0.61127114
1456,0.6103725
1457,0.611763
1458,0.6109022
1459,0.61116385
1460,0.610167
1461,0.6116685
1462,0.6097724
1463,0.6097868
1464,0.61067855
1465,0.61157817
1466,0.6106321
1467,0.61050016
1468,0.6111079
1469,0.61162144
1470,0.6104712
1471,0.6116779
1472,0.61162966
1473,0.6113069
1474,0.61154306
1475,0.61136097
1476,0.61045754
1477,0.6116022
1478,0.61042476
1479,0.6117028
1480,0.61081696
1481,0.61171305
1482,0.61105305
1483,0.6105141
1484,0.61100984
1485,0.6105113
1486,0.6115092
1487,0.61170465
1488,0.6113443
1489,0.6113353
1490,0.61114544
1491,0.6094889
1492,0.60886914
1493,0.6092231
1494,0.61065125
1495,0.61058295
1496,0.6105302
1497,0.6108103
1498,0.6112183
1499,0.61055595
1500,0.6111843
1501,0.61187845
1502,0.6108076
1503,0.6107577
1504,0.61161
1505,0.6114607
1506,0.6112355
1507,0.60968685
1508,0.6100928
1509,0.61185944
1510,0.6116117
1511,0.61171967
1512,0.6114821
1513,0.61090237
1514,0.6117402
1515,0.61035275
1516,0.6113468
1517,0.6115735
1518,0.6103414
1519,0.6111836
1520,0.611195
1521,0.6113683
1522,0.6107863
1523,0.61122596
1524,0.6112287
1525,0.61096036
1526,0.6103907
1527,0.6100265
1528,0.6108034
1529,0.6113587
1530,0.6115854
1531,0.6113062
1532,0.61167884
1533,0.61110634
1534,0.61147404
1535,0.61167127
1536,0.6120797
1537,0.6110008
1538,0.61071354
1539,0.6102248
1540,0.61101097
1541,0.61069757
1542,0.61064273
1543,0.61089975
1544,0.610302
1545,0.61088914
1546,0.60976857
1547,0.61151934
1548,0.61112887
1549,0.6110299
1550,0.6115781
1551,0.61123234
1552,0.6115233
1553,0.6117504
1554,0.6114604
1555,0.61143595
1556,0.611197
1557,0.6116533
1558,0.6118676
1559,0.61061275
1560,0.6110128
1561,0.6115162
1562,0.6115836
1563,0.6110823
1564,0.6112834
1565,0.6118369
1566,0.6114719
1567,0.6094678
1568,0.61149776
1569,0.6115924
1570,0.60943604
1571,0.6118253
1572,0.61141706
1573,0.61030155
1574,0.61190724
1575,0.6111389
1576,0.61154455
1577,0.61108357
1578,0.6105561
1579,0.6115127
1580,0.6110868
1581,0.6096526
1582,0.6104531
1583,0.61089414
1584,0.61044997
1585,0.61124486
1586,0.61183697
1587,0.6107037
1588,0.6104519
1589,0.61019266
1590,0.6095791
1591,0.6112622
1592,0.6115194
1593,0.60986
1594,0.6113593
1595,0.61117244
1596,0.61034596
1597,0.6094942
1598,0.61043966
1599,0.6108389
1600,0.61179024
1601,0.6114104
1602,0.6107678
1603,0.6114897
1604,0.61135083
1605,0.61067814
1606,0.61108214
1607,0.6113881
1608,0.6117124
1609,0.6108597
1610,0.60955745
1611,0.6118138
1612,0.61122197
1613,0.610632
1614,0.6107461
1615,0.6107859
1616,0.61148596
1617,0.61112905
1618,0.60997367
1619,0.61099064
1620,0.6118043
1621,0.6105709
1622,0.6106154
1623,0.6113152
1624,0.6114775
1625,0.6113055
1626,0.61189115
1627,0.6111218
1628,0.61042744
1629,0.61070335
1630,0.6107664
1631,0.6115505
1632,0.6119157
1633,0.6109513
1634,0.6113258
1635,0.61027056
1636,0.61024046
1637,0.61170113
1638,0.6113231
1639,0.6107455
1640,0.6117019
1641,0.6110961
1642,0.61142147
1643,0.6096285
1644,0.6115604
1645,0.609499
1646,0.61116654
1647,0.61146027
1648,0.6097977
1649,0.61071944
1650,0.61156106
1651,0.61089885
1652,0.61100096
1653,0.61117136
1654,0.611531
1655,0.6108519
1656,0.61089796
1657,0.61108834
1658,0.61055684
1659,0.6114972
1660,0.61148536
1661,0.61053777
1662,0.61158067
1663,0.6104528
1664,0.6117244
1665,0.611307
1666,0.61097246
1667,0.6097589
1668,0.6111148
1669,0.61069953
1670,0.6110033
1671,0.60953593
1672,0.61147463
1673,0.61110914
1674,0.6119419
1675,0.60947573
1676,0.61119586
1677,0.6106376
1678,0.61144453
1679,0.6116821
1680,0.61172533
1681,0.61103195
1682,0.6115949
1683,0.61168075
1684,0.61146057
1685,0.61166245
1686,0.61121315
1687,0.61064196
1688,0.6119059
1689,0.61171025
1690,0.61098814
1691,0.60939693
1692,0.6109329
1693,0.6106661
1694,0.61025494
1695,0.6116497
1696,0.6110977
1697,0.6116173
1698,0.611946
1699,0.6117398
1700,0.61114115
1701,0.6112466
1702,0.6117837
1703,0.60954124
1704,0.6115909
1705,0.6082276
1706,0.6113299
1707,0.6116473
1708,0.6113006
1709,0.61191505
1710,0.6111854
1711,0.61135674
1712,0.6114803
1713,0.6115203
1714,0.6114823
1715,0.61051685
1716,0.6116843
1717,0.6118668
1718,0.6104178
1719,0.61146414
1720,0.60936105
1721,0.61107343
1722,0.6108203
1723,0.61086464
1724,0.61066276
1725,0.61102843
1726,0.61103195
1727,0.6104993
1728,0.6113993
1729,0.61161137
1730,0.60992223
1731,0.610897
1732,0.6112669
1733,0.6110323
1734,0.61126506
1735,0.6118273
1736,0.60987985
1737,0.61123115
1738,0.6118485
1739,0.6104607
1740,0.61185664
1741,0.611798
1742,0.6115721
1743,0.61137515
1744,0.6095888
1745,0.6099024
1746,0.6103629
1747,0.6114551
1748,0.61064196
1749,0.61045414
1750,0.61081964
1751,0.6110991
1752,0.6114597
1753,0.61027455
1754,0.6102124
1755,0.6117115
1756,0.610549
1757,0.61138463
1758,0.61027235
1759,0.6100008
1760,0.6090237
1761,0.61162674
1762,0.6113157
1763,0.60865635
1764,0.6114508
1765,0.6109278
1766,0.6118266
1767,0.6110958
1768,0.6118231
1769,0.6104503
1770,0.6100638
1771,0.61179966
1772,0.6108873
1773,0.6115527
1774,0.6105289
1775,0.61095715
1776,0.6108201
1777,0.6096787
1778,0.6114486
1779,0.61097693
1780,0.6113891
1781,0.6106746
1782,0.6113448
1783,0.61184454
1784,0.6118536
1785,0.61109835
1786,0.6116899
1787,0.61078054
2978,0.6118619
2979,0.6093806
2980,0.6086727
2981,0.6117197
2982,0.6118511
2983,0.6119103
2984,0.6106617
2985,0.60877955
2986,0.6118023
2987,0.611617
2988,0.6103995
2989,0.6102436
2990,0.61095536
2991,0.61102885
2992,0.6101941
2993,0.6107602
2994,0.6119408
2995,0.61076117
2996,0.60722685
2997,0.6110178
2998,0.61159885
2999,0.6103194
3000,0.6119062
3001,0.6118786
3002,0.61019206
3003,0.6118145
3004,0.61021006
3005,0.6115773
3006,0.61095345
3007,0.6108238
3008,0.61160177
3009,0.6103573
3010,0.61172426
3011,0.61191314
3012,0.6108752
3013,0.6116314
3014,0.61182535
3015,0.6105362
3016,0.61058915
3017,0.61175656
3018,0.6104961
3019,0.61175334
3020,0.6115852
3021,0.6118539
3022,0.61194515
3023,0.6118996
3024,0.6118614
3025,0.61126953
3026,0.61167127
3027,0.61085165
3028,0.61051285
3029,0.6096603
3030,0.61181635
3031,0.6105966
3032,0.6118987
3033,0.61171544
3034,0.6117045
3035,0.61139494
3036,0.61066335
3037,0.61169285
3038,0.6114892
3039,0.61093694
3040,0.61006534
3041,0.61194235
3042,0.61151177
3043,0.61043
3044,0.61083215
3045,0.6118445
3046,0.6112696
3047,0.610704
3048,0.6104141
3049,0.611576
3050,0.60895693
3051,0.61150587
3052,0.61165035
3053,0.6105267
3054,0.60979426
3055,0.6105407
3056,0.6105706
3057,0.61043936
3058,0.61059684
3059,0.61079025
3060,0.6117207
3061,0.6107851
3062,0.61085063
3063,0.6119542
3064,0.61051935
3065,0.6105127
3066,0.61128926
3067,0.6114525
3068,0.6096472
3069,0.61175317
3070,0.61046433
3071,0.6117914
3072,0.6117573
3073,0.6114573
3074,0.6117668
3075,0.61153954
3076,0.6105318
3077,0.6108985
3078,0.61052984
3079,0.61062455
3080,0.6116194
3081,0.61171466
3082,0.6116393
3083,0.610335
3084,0.60990894
3085,0.61146265
3086,0.6120544
3087,0.61051106
3088,0.6107615
3089,0.61076075
3090,0.61034745
3091,0.61116105
3092,0.6117948
3093,0.61056024
3094,0.6118368
3095,0.6109576
3096,0.61046064
3097,0.6100028
3098,0.61145604
3099,0.61188823
3100,0.61025894
3101,0.61184305
3102,0.6116541
3103,0.6108399
3104,0.61055154
3105,0.61191124
3106,0.6115401
3107,0.61003983
3108,0.6103161
3109,0.6104127
3110,0.6108378
3111,0.61097205
3112,0.60972244
3113,0.6102701
3114,0.6119295
3115,0.61170846
3116,0.6109127
3117,0.6110305
3118,0.6115363
3119,0.61177105
3120,0.61025804
3121,0.6119518
3122,0.6117915
3123,0.6114533
3124,0.6117323
3125,0.6116746
3126,0.6118416
3127,0.6106117
3128,0.6117147
3129,0.611622
3130,0.6119456
3131,0.61164016
3132,0.61026096
3133,0.61167485
3134,0.61185616
3135,0.610794
3136,0.61175525
3137,0.6104648
3138,0.6114801
3139,0.6103906
3140,0.6118007
3141,0.61030054
3142,0.61180085
3143,0.6105503
3144,0.6114142
3145,0.6117122
3146,0.6118449
3147,0.61174995
3148,0.61131567
3149,0.6109257
3150,0.6114833
3151,0.61043334
3152,0.6114824
3153,0.6113886
3154,0.61110824
3155,0.6120142
3156,0.6112472
3157,0.6117145
3158,0.6113632
3159,0.60978734
3160,0.6105261
3161,0.61066186
3162,0.6117506
3163,0.61043644
3164,0.61071694
3165,0.61153626
3166,0.6116793
3167,0.610776
3168,0.6118425
3169,0.6098831
3170,0.61073405
3171,0.61056846
3172,0.61147636
3173,0.6104772
3174,0.6103074
3175,0.61150956
3176,0.6117599
3177,0.60984313
3178,0.61156887
3179,0.6118115
3180,0.61002636
3181,0.6114493
3182,0.61103994
3183,0.6106332
3184,0.6105832
3185,0.6119202
3186,0.60892665
3187,0.61041397
3188,0.61074185
3189,0.61192906
3190,0.61183876
3191,0.6117074
3192,0.6119536
3193,0.61088485
3194,0.61076564
3195,0.61185634
3196,0.6115348
3197,0.61162525
3198,0.60846174
3199,0.6117725
3200,0.61194444
3201,0.6119143
3202,0.6107394
3203,0.6119283
3204,0.61074376
3205,0.6107931
3206,0.61181974
3207,0.6109952
3208,0.6117565
3209,0.6113223
3210,0.6117399
3211,0.6106012
3212,0.6115114
3213,0.6117604
3214,0.61161304
3215,0.61160254
3216,0.6116216
3217,0.61174536
3218,0.61024266
3219,0.611578
3220,0.6100319
3221,0.61017704
3222,0.6111221
3223,0.6108016
3224,0.6108114
3225,0.6118273
3226,0.6116014
3227,0.61052346
3228,0.6118569
3229,0.6117241
3230,0.6119621
3231,0.6118902
3232,0.6115841
3233,0.61048955
3234,0.61095965
3235,0.61172503
3236,0.61150354
3237,0.61164874
3238,0.60871434
3239,0.6113631
3240,0.60850716
3241,0.6115802
3242,0.61177564
3243,0.6114286
3244,0.61206
3245,0.6115786
3246,0.6110491
3247,0.6118434
3248,0.6118543
3249,0.60965383
3250,0.61191136
3251,0.61053723
3252,0.6119144
3253,0.6115959
3254,0.61105233
3255,0.6103023
3256,0.6114249
3257,0.6110079
3258,0.6117674
3259,0.6118527
3260,0.611711
3261,0.6117034
3262,0.61188453
3263,0.6118233
3264,0.6112748
3265,0.6116885
3266,0.61175764
3267,0.6107548
3268,0.61071724
3269,0.6118853
3270,0.6104976
3271,0.6117512
3272,0.61114466
3273,0.61155033
3274,0.61184126
3275,0.6104389
3276,0.61048436
3277,0.6107587
3278,0.6114944
3279,0.61178076
3280,0.6110239
3281,0.61190754
3282,0.61184216
3283,0.61084974
3284,0.6117955
3285,0.6117273
3286,0.6101226
3287,0.61028564
3288,0.61160207
3289,0.61089957
3290,0.61183935
3291,0.61086303
3292,0.6115854
3293,0.6116404
3294,0.6118859
3295,0.6111952
3296,0.611756
3297,0.6105509
3298,0.6115262
3299,0.61169416
3300,0.6117027
3301,0.61123574
3302,0.61160994
3303,0.6109958
3304,0.6100405
3305,0.6101786
3306,0.610575
3307,0.610881
3308,0.61162484
3309,0.61135805
3310,0.60919774
3311,0.6119311
3312,0.6117505
3313,0.6108626
3314,0.61014456
3315,0.61184543
3316,0.6102349
3317,0.61002946
3318,0.6115568
3319,0.61086243
3320,0.6119082
3321,0.61162937
3322,0.6107905
3323,0.6116055
3324,0.61197686
3325,0.6116141
3326,0.610546
3327,0.6105054
3328,0.61059004
3329,0.61126757
3330,0.61112636
3331,0.61183953
3332,0.6113186
3333,0.61185974
3334,0.6114589
3335,0.6119215
3336,0.6118843
3337,0.6116701
3338,0.6113517
3339,0.6118608
3340,0.6117521
3341,0.6106038
3342,0.61153597
3343,0.6105753
3344,0.60994947
3345,0.6109626
3346,0.6115549
3347,0.6115211
3348,0.6114903
3349,0.6110599
3350,0.61073315
3351,0.61159146
3352,0.61180794
3353,0.6092341
3354,0.6119392
3355,0.61021805
3356,0.61067426
3357,0.6098295
3358,0.61028427
3359,0.6111649
3360,0.6116631
3361,0.61169636
3362,0.61167634
3363,0.6095061
3364,0.6117879
3365,0.61033255
3366,0.61192673
3367,0.6116294
3368,0.6116587
3369,0.6105486
3370,0.6117499
3371,0.6105431
3372,0.6102371
3373,0.61139256
3374,0.6115849
3375,0.6109205
3376,0.6117618
3377,0.60963595
3378,0.6111735
3379,0.60717446
3380,0.6105425
3381,0.610852
3382,0.60987365
3383,0.6104339
3384,0.6118628
3385,0.6119324
3386,0.6116226
3387,0.6103977
3388,0.61153305
3389,0.6105569
3390,0.61024934
3391,0.6114683
3392,0.6104643
3393,0.6116002
3394,0.6100614
3395,0.611969
3396,0.610893
3397,0.61156183
3398,0.61173713
3399,0.6117205
3400,0.610649
3401,0.6108139
3402,0.61172724
3403,0.61050165
3404,0.61158323
3405,0.6099735
3406,0.6117714
3407,0.61194867
3408,0.6103498
3409,0.61046857
3410,0.6113297
3411,0.6113193
3412,0.61185133
3413,0.61168754
3414,0.6114832
3415,0.61174184
3416,0.6106453
3417,0.61066574
3418,0.6106126
3419,0.60811615
3420,0.6118558
3421,0.61176986
3422,0.6082673
3423,0.61183
3424,0.61165226
3425,0.61155176
3426,0.6112905
3427,0.61192876
3428,0.6089587
3429,0.6091923
3430,0.61043584
3431,0.6101267
3432,0.61188364
3433,0.610845
3434,0.61154324
3435,0.6095487
3436,0.6118501
3437,0.6114211
3438,0.6108688
3439,0.61158556
3440,0.61192185
3441,0.60883415
3442,0.61188847
3443,0.6113749
3444,0.61169446
3445,0.6117638
3446,0.61194295
3447,0.61186564
3448,0.61027634
3449,0.6117067
3450,0.6106246
3451,0.61131
3452,0.61013395
3453,0.6118711
3454,0.61205554
3455,0.6102624
3456,0.6104909
3457,0.61086035
3458,0.6118497
3459,0.611071
3460,0.61158764
3461,0.61186856
3462,0.61053956
3463,0.6113223
3464,0.6113702
3465,0.6118773
3466,0.61048275
3467,0.6116556
3468,0.6113337
3469,0.6117821
3470,0.6117915
3471,0.6106505
3472,0.6118261
3473,0.61121386
3474,0.6117797
3475,0.61057925
3476,0.6101937
3477,0.6104746
3478,0.6089243
3479,0.61122113
3480,0.61126435
3481,0.61191154
3482,0.6105954
3483,0.611498
3484,0.6103185
3485,0.611645
3486,0.6108345
3487,0.6116495
3488,0.61113334
3489,0.6118683
3490,0.6114107
3491,0.6116774
3492,0.611767
3493,0.6115774
3494,0.6088051
3495,0.6116703
3496,0.6116953
3497,0.6099471
3498,0.61178774
3499,0.6089638
3500,0.6113606
3501,0.6116952
3502,0.6107287
3503,0.6113128
3504,0.6118034
3505,0.6101481
3506,0.61193454
3507,0.6117035
3508,0.610677
3509,0.61048675
3510,0.61056423
3511,0.6106293
3512,0.61164826
3513,0.61080205
3514,0.61188215
3515,0.60982203
3516,0.6117873
3517,0.6118518
3518,0.61175865
3519,0.61179197
3520,0.6117268
3521,0.61177236
3522,0.6106263
3523,0.6117736
3524,0.6118977
3525,0.61048824
3526,0.6114706
3527,0.6118357
3528,0.61185163
3529,0.61144817
3530,0.6116736
3531,0.6117737
3532,0.6109383
3533,0.61119556
3534,0.6112215
3535,0.61076766
3536,0.6117732
3537,0.61145914
3538,0.611027
3539,0.61181754
3540,0.6109236
3541,0.61167264
3542,0.61186016
3543,0.61138767
3544,0.6119076
3545,0.6119263
3546,0.6114757
3547,0.61140186
3548,0.6107296
3549,0.6117549
3550,0.6117078
3551,0.61037344
3552,0.61021876
3553,0.61143154
3554,0.6106442
3555,0.6117935
3556,0.61109847
3557,0.61096907
3558,0.61105865
3559,0.6101297
3560,0.6102599
3561,0.61096746
3562,0.6111915
3563,0.6107752
3564,0.61180645
3565,0.6118991
3566,0.6119187
3567,0.6117267
3568,0.6105548
3569,0.61064225
3570,0.6108354
3571,0.6116497
3572,0.6085444
3573,0.6115142
3574,0.611887
3575,0.6104838
3576,0.6114193
3577,0.6115582
3578,0.6118572
3579,0.61177915
3580,0.6104504
3581,0.6111191
3582,0.61199975
3583,0.6106484
3584,0.6116814
3585,0.6109479
3586,0.61058486
3587,0.6110313
3588,0.6097859
3589,0.6117393
3590,0.60843605
3591,0.6102419
3592,0.6101374
3593,0.61193395
3594,0.611777
3595,0.6116646
3596,0.61175656
3597,0.61162597
3598,0.61131203
3599,0.61081
3600,0.6116194
3601,0.61154443
3602,0.61165124
3603,0.6104135
3604,0.61039186
3605,0.60979295
3606,0.6118259
3607,0.61159784
3608,0.6113813
3609,0.6117943
3610,0.61004937
3611,0.6115257
3612,0.6118337
3613,0.611519
3614,0.61173755
3615,0.6119234
3616,0.61191213
3617,0.61141235
3618,0.61139417
3619,0.61155117
3620,0.6118178
3621,0.61147314
3622,0.61102915
3623,0.6119017
3624,0.61172706
3625,0.6106584
3626,0.6108462
3627,0.6114131
3628,0.61169904
3629,0.61166406
3630,0.61107033
3631,0.61055857
3632,0.6114561
3633,0.6114886
3634,0.61138546
3635,0.6117508
3636,0.6117729
3637,0.6117544
3638,0.6118925
3639,0.61013377
3640,0.6118987
3641,0.6111482
3642,0.61096627
3643,0.61151844
3644,0.6111328
3645,0.61055106
3646,0.61184454
3647,0.61191124
3648,0.61077493
3649,0.6117634
3650,0.61180216
3651,0.611794
3652,0.6116542
3653,0.61160254
3654,0.61168325
3655,0.6106831
3656,0.6116489
3657,0.6116234
3658,0.61061776
3659,0.61149126
3660,0.61104804
3661,0.61184305
3662,0.61153173
3663,0.61205
3664,0.61157256
3665,0.61076623
3666,0.6113076
3667,0.60812026
3668,0.6115151
3669,0.6115165
3670,0.61121064
3671,0.61067224
3672,0.61047405
3673,0.611771
3674,0.6115746
3675,0.610939
3676,0.6116211
3677,0.6116199
3678,0.6111366
3679,0.6108042
3680,0.6111344
3681,0.61054283
3682,0.6119017
3683,0.6117485
3684,0.6120078
3685,0.6115167
3686,0.6107185
3687,0.6117823
3688,0.61174184
3689,0.6118055
3690,0.61079615
3691,0.61170065
3692,0.6119341
3693,0.6103508
3694,0.61060023
3695,0.61071277
3696,0.6119266
3697,0.61187243
3698,0.6117936
3699,0.61199975
3700,0.6117846
3701,0.61022013
3702,0.6116659
3703,0.61071795
3704,0.61141557
3705,0.60874844
3706,0.61043847
3707,0.6107064
3708,0.6118773
3709,0.6106467
3710,0.60956883
3711,0.61042774
3712,0.610707
3713,0.61172986
3714,0.6118321
3715,0.6114373
3716,0.6097487
3717,0.61062557
3718,0.61104625
3719,0.611805
3720,0.6106243
3721,0.6118087
3722,0.61091655
3723,0.61051667
3724,0.6088024
3725,0.61123306
3726,0.6117662
3727,0.6102979
3728,0.61178637
3729,0.6114766
3730,0.6113236
3731,0.6114114
3732,0.61078703
3733,0.610193
3734,0.61060876
3735,0.6104837
3736,0.6117323
3737,0.61165076
3738,0.6107549
3739,0.61064315
3740,0.6117932
3741,0.6115409
3742,0.61139166
3743,0.6115579
3744,0.6111382
3745,0.60900617
3746,0.61170006
3747,0.61125594
3748,0.6117145
3749,0.6112273
3750,0.61194205
3751,0.61172426
3752,0.6112836
3753,0.6105616
3754,0.61126286
3755,0.6119003
3756,0.61156833
3757,0.6107072
3758,0.6115348
3759,0.6108383
3760,0.6118645
3761,0.61189866
3762,0.6115674
3763,0.61165065
3764,0.6107245
3765,0.6119483
3766,0.6118314
3767,0.6118952
3768,0.6119333
3769,0.6105217
3770,0.61187196
3771,0.6118172
3772,0.61038256
3773,0.61074376
3774,0.61054856
3775,0.6118048
3776,0.6116464
3777,0.6117856
3778,0.6106471
3779,0.6115584
3780,0.611932
3781,0.61138964
3782,0.6109287
3783,0.6118273
3784,0.6106603
3785,0.6117289
3786,0.6115735
3787,0.6114478
3788,0.6117662
3789,0.60992676
3790,0.6109292
3791,0.61191505
3792,0.6115577
3793,0.6106895
3794,0.6110659
3795,0.6117757
3796,0.6119465
3797,0.6108054
3798,0.611869
3799,0.6114597
3800,0.6107559
3801,0.6116589
3802,0.61161333
3803,0.6111792
3804,0.61176693
3805,0.61119765
3806,0.6109157
3807,0.6118499
3808,0.61151093
3809,0.6111115
3810,0.61066395
3811,0.6114129
3812,0.6110578
3813,0.60916287
3814,0.61100805
3815,0.6118934
3816,0.6102532
3817,0.6112721
3818,0.6117531
3819,0.6116824
3820,0.6107704
3821,0.6105358
3822,0.6105541
3823,0.61138266
3824,0.61157334
3825,0.6118863
3826,0.61138177
3827,0.61181563
3828,0.61002284
3829,0.61055434
3830,0.61173624
3831,0.6106986
3832,0.61183923
3833,0.6118659
3834,0.6106397
3835,0.6115
3836,0.61150175
3837,0.61136466
3838,0.6105142
3839,0.6105391
3840,0.6116912
3841,0.61194456
3842,0.6104903
3843,0.6108309
3844,0.6116015
3845,0.61155015
3846,0.6114306
3847,0.61187893
3848,0.6118192
3849,0.61192936
3850,0.6106594
3851,0.6106276
3852,0.61091274
3853,0.6115007
3854,0.6105467
3855,0.61130905
3856,0.6117104
3857,0.6101463
3858,0.61082906
3859,0.6107537
3860,0.60992545
3861,0.61127406
3862,0.61093205
3863,0.610835
3864,0.6118179
3865,0.61191136
3866,0.61156785
3867,0.6107928
3868,0.611856
3869,0.60994154
3870,0.6111631
3871,0.61136955
3872,0.6117296
3873,0.61095834
3874,0.61046827
3875,0.61090094
3876,0.61173344
3877,0.6116746
3878,0.61067295
3879,0.61141455
3880,0.6112984
3881,0.610757
3882,0.611464
3883,0.61141545
3884,0.61086106
3885,0.61004335
3886,0.6103514
3887,0.6114665
3888,0.610791
3889,0.6117679
3890,0.61034673
3891,0.61081344
3892,0.6100872
3893,0.6115676
3894,0.6104742
3895,0.6115604
3896,0.6116345
3897,0.61165094
3898,0.6106138
3899,0.6115618
3900,0.61065143
3901,0.6108475
3902,0.61148983
3903,0.61144495
3904,0.6117759
3905,0.6102132
3906,0.61183494
3907,0.6118672
3908,0.6104551
3909,0.61164755
3910,0.61100155
3911,0.6106147
3912,0.6108999
3913,0.61052275
3914,0.61040473
3915,0.61054075
3916,0.61180466
3917,0.610733
3918,0.61150944
3919,0.6114972
3920,0.6117657
3921,0.6099504
3922,0.60985476
3923,0.6118726
3924,0.61055195
3925,0.61086124
3926,0.61065245
3927,0.61102766
3928,0.61056817
3929,0.61093414
3930,0.61025405
3931,0.61192113
3932,0.6113783
3933,0.6111524
3934,0.61179584
3935,0.61074865
3936,0.6109225
3937,0.6105197
3938,0.61032915
3939,0.6119355
3940,0.6113337
3941,0.60990894
3942,0.6103169
3943,0.61164683
3944,0.61171985
3945,0.6108199
3946,0.6118581
3947,0.61075956
3948,0.6104094
3949,0.6115331
3950,0.61071944
3951,0.6105353
3952,0.6104203
3953,0.61189705
3954,0.61131823
3955,0.61161405
3956,0.6119272
3957,0.611333
3958,0.6102172
3959,0.610448
3960,0.6114781
3961,0.61189586
3962,0.6116307
3963,0.6116916
3964,0.6106836
3965,0.61148
3966,0.6118876
3967,0.6109715
3968,0.6104038
3969,0.610193
3970,0.611592
3971,0.6113635
3972,0.610327
3973,0.6119996
3974,0.60876966
3975,0.61184645
3976,0.6109798
3977,0.61157155
3978,0.6118174
3979,0.61154044
3980,0.61090565
3981,0.61176753
3982,0.61173606
3983,0.61089104
3984,0.6118537
3985,0.61109626
3986,0.6100732
3987,0.6108909
3988,0.6119346
3989,0.61167574
3990,0.61172855
3991,0.6118595
3992,0.61168295
3993,0.61142886
3994,0.6118804
3995,0.610506
3996,0.6118101
3997,0.6110918
3998,0.61143416
3999,0.6116836
4000,0.6087993
4001,0.61173713
4002,0.61058146
4003,0.61191356
4004,0.6119024
4005,0.6117995
4006,0.61119854
4007,0.610274
4008,0.6112727
4009,0.61115223
4010,0.61139977
4011,0.6109643
4012,0.61165184
4013,0.6112352
4014,0.6117095
4015,0.611827
4016,0.61179906
4017,0.61033624
4018,0.6116546
4019,0.6104275
4020,0.6100849
4021,0.6115109
4022,0.6116159
4023,0.61173344
4024,0.6115933
4025,0.61194015
4026,0.61040413
4027,0.61158556
4028,0.61072683
4029,0.61020315
4030,0.6103606
4031,0.6115891
4032,0.6102572
4033,0.61092615
4034,0.6108801
4035,0.6108757
4036,0.6119283
4037,0.60974646
4038,0.6115375
4039,0.61167157
4040,0.61027277
4041,0.6101585
4042,0.61129
4043,0.60981226
4044,0.61078143
4045,0.6113529
4046,0.61157984
4047,0.61181736
4048,0.6106019
4049,0.61170626
4050,0.6087292
4051,0.61052364
4052,0.61001766
4053,0.61143404
4054,0.6110934
4055,0.6116799
4056,0.6111168
4057,0.6102412
4058,0.61162126
4059,0.6118989
4060,0.61097735
4061,0.6092576
4062,0.6117337
4063,0.61010826
4064,0.6116705
4065,0.6108479
4066,0.61083555
4067,0.6116418
4068,0.6108601
4069,0.61171454
4070,0.6115918
4071,0.61168754
4072,0.6115512
4073,0.61155635
4074,0.61176527
4075,0.6100436
4076,0.6101074
4077,0.6108087
4078,0.6116029
4079,0.6115275
4080,0.61178565
4081,0.6117894
4082,0.61179453
4083,0.61155176
4084,0.61158824
4085,0.6114156
4086,0.61100614
4087,0.611828
4088,0.6116308
4089,0.6115898
4090,0.6104023
4091,0.61006826
4092,0.61192846
4093,0.6116053
4094,0.6119362
4095,0.6116896
4096,0.61079496
4097,0.60786045
4098,0.61069477
4099,0.61154
4100,0.6109425
4101,0.61190367
4102,0.61172444
4103,0.6119493
4104,0.610404
4105,0.61115915
4106,0.6104085
4107,0.6106797
4108,0.60885763
4109,0.61156994
4110,0.61106753
4111,0.6116077
4112,0.6115454
4113,0.6106717
4114,0.6117606
4115,0.6117305
4116,0.6112674
4117,0.61151284
4118,0.6112637
4119,0.6107315
4120,0.60976
4121,0.61037177
4122,0.6116702
4123,0.6118314
4124,0.6118732
4125,0.61133
4126,0.61155635
4127,0.61182946
4128,0.6116526
4129,0.6115726
4130,0.6116897
4131,0.61010367
4132,0.61083764
4133,0.6115481
4134,0.6117345
4135,0.6087934
4136,0.611608
4137,0.61165345
4138,0.6119101
4139,0.61194205
4140,0.6107141
4141,0.61097485
4142,0.6116232
4143,0.61077404
4144,0.61158645
4145,0.6115944
4146,0.61045307
4147,0.61122906
4148,0.61144507
4149,0.61039454
4150,0.6108456
4151,0.610826
4152,0.6114125
4153,0.6111517
4154,0.61181384
4155,0.61158836
4156,0.6100879
4157,0.6118257
4158,0.61184233
4159,0.6116468
4160,0.6102918
4161,0.6104233
4162,0.6106568
4163,0.61132103
4164,0.6104529
4165,0.61068916
4166,0.61016434
4167,0.6118962
4168,0.6112734
4169,0.61166066
4170,0.6106
4171,0.61188203
4172,0.6116899
4173,0.6110249
4174,0.61165106
4175,0.6105923
4176,0.61114055
4177,0.61187357
4178,0.61176914
4179,0.6105
4180,0.6117592
4181,0.6119761
4182,0.611372
4183,0.61153674
4184,0.61080015
4185,0.6118443
4186,0.61058724
4187,0.61093587
4188,0.6108067
4189,0.61098784
4190,0.6114755
4191,0.6118173
4192,0.6116714
4193,0.6108515
4194,0.61146957
4195,0.6116436
4196,0.61027896
4197,0.61039203
4198,0.6118464
4199,0.61162144
4200,0.6120403
4201,0.61183244
4202,0.6108993
4203,0.6116174
4204,0.61177754
4205,0.6100447
4206,0.61111736
4207,0.61009204
4208,0.6105555
4209,0.61162776
4210,0.61156815
4211,0.6111783
4212,0.61183983
4213,0.61149406
4214,0.6117307
4215,0.6118463
4216,0.61173326
4217,0.6092944
4218,0.6117837
4219,0.6108416
4220,0.61175305
4221,0.61003846
4222,0.61156195
4223,0.61085427
4224,0.6110518
4225,0.6103025
4226,0.61169386
4227,0.6117149
4228,0.61181056
4229,0.6118386
4230,0.61158764
4231,0.6111909
4232,0.6116497
4233,0.6107117
4234,0.6114015
4235,0.61123234
4236,0.6118542
4237,0.6116831
4238,0.61053383
4239,0.6107346
4240,0.61134976
4241,0.6117689
4242,0.61068505
4243,0.6107507
4244,0.6116491
4245,0.6107078
4246,0.6116364
4247,0.6098135
4248,0.61159754
4249,0.6106465
4250,0.6107399
4251,0.6119414
4252,0.6117382
4253,0.6079143
4254,0.6119187
4255,0.6117852
4256,0.6104063
4257,0.61164445
4258,0.60932136
4259,0.6109569
4260,0.6107118
4261,0.61163867
4262,0.61177975
4263,0.6107385
4264,0.6106131
4265,0.6118714
4266,0.6108957
4267,0.6116829
4268,0.6107083
4269,0.61145914
4270,0.61065197
4271,0.6118166
4272,0.6119333
4273,0.6113319
4274,0.61078066
4275,0.6118797
4276,0.61161774
4277,0.611823
4278,0.6107385
4279,0.6110405
4280,0.61038625
4281,0.61181045
4282,0.6104849
4283,0.61171585
4284,0.6113171
4285,0.6112946
4286,0.6102646
4287,0.6116693
4288,0.6109115
4289,0.61167747
4290,0.6116985
4291,0.6110744
4292,0.611315
4293,0.61170876
4294,0.61169475
4295,0.61054057
4296,0.6102965
4297,0.6102044
4298,0.61128515
4299,0.6105425
4300,0.61170775
4301,0.6100954
4302,0.61148566
4303,0.6117399
4304,0.61195356
4305,0.6118249
4306,0.6101608
4307,0.61170596
4308,0.611856
4309,0.6114289
4310,0.61153543
4311,0.61150855
4312,0.6118167
4313,0.6101137
4314,0.6113842
4315,0.6113452
4316,0.61077845
4317,0.6115509
4318,0.6118389
4319,0.6112764
4320,0.61189735
4321,0.61159307
4322,0.6108438
4323,0.610534
4324,0.61165035
4325,0.6101189
4326,0.6118791
4327,0.60840344
4328,0.6108359
4329,0.6118071
4330,0.6107792
4331,0.61057913
4332,0.6114514
4333,0.6117959
4334,0.61092746
4335,0.6115327
4336,0.6107585
4337,0.6108443
4338,0.610667
4339,0.6114006
4340,0.61136335
4341,0.61166024
4342,0.6119609
4343,0.61143756
4344,0.611625
4345,0.61149603
4346,0.6113936
4347,0.6118152
4348,0.61158603
4349,0.6108166
4350,0.611587
4351,0.6110325
4352,0.611817
4353,0.61138314
4354,0.61056095
4355,0.6093109
4356,0.61207575
4357,0.611969
4358,0.6118877
4359,0.610531
4360,0.61143255
4361,0.6117037
4362,0.61205065
4363,0.6111515
4364,0.61050653
4365,0.6117865
4366,0.61178243
4367,0.6117433
4368,0.61041814
4369,0.60889035
4370,0.611911
4371,0.6115779
4372,0.61170244
4373,0.6119382
4374,0.61142737
4375,0.611565
4376,0.6102272
4377,0.6116314
4378,0.6102041
4379,0.61161786
4380,0.6104567
4381,0.61056733
4382,0.6112884
4383,0.61143684
4384,0.6116258
4385,0.6119441
4386,0.6106764
4387,0.61199945
4388,0.6116102
4389,0.6116112
4390,0.6114678
4391,0.61003965
4392,0.61082786
4393,0.61023486
4394,0.61191523
4395,0.6108016
4396,0.61171734
4397,0.610714
4398,0.6117604
4399,0.61128825
4400,0.6113605
4401,0.6107225
4402,0.6110742
4403,0.6117435
4404,0.61195016
4405,0.6111626
4406,0.61164385
4407,0.61067706
4408,0.61043733
4409,0.6105767
4410,0.6119117
4411,0.6119533
4412,0.61027145
4413,0.6119407
4414,0.611696
4415,0.61170435
4416,0.6100185
4417,0.61089915
4418,0.6110114
4419,0.6108044
4420,0.6109214
4421,0.61173373
4422,0.6119392
4423,0.60952055
4424,0.61163855
4425,0.6119213
4426,0.6101393
4427,0.61065984
4428,0.6116459
4429,0.6117461
4430,0.61190784
4431,0.61185586
4432,0.61142236
4433,0.61166877
4434,0.61002165
4435,0.6115785
4436,0.6117325
4437,0.61042607
4438,0.6109827
4439,0.61159086
4440,0.61185855
4441,0.6104792
4442,0.61176336
4443,0.6117126
4444,0.610811
4445,0.6104053
4446,0.6117157
4447,0.61021733
4448,0.6116272
4449,0.6117906
4450,0.6105413
4451,0.61174834
4452,0.61002725
4453,0.61185664
4454,0.61160725
4455,0.6115266
4456,0.61055315
4457,0.6101077
4458,0.6116638
4459,0.610873
4460,0.6118671
4461,0.6119405
4462,0.611633
4463,0.6117549
4464,0.6120315
4465,0.6116519
4466,0.6117865
4467,0.6119637
4468,0.61109227
4469,0.61147636
4470,0.6105465
4471,0.61151975
4472,0.6106904
4473,0.6117434
4474,0.611449
4475,0.61171794
4476,0.6107264
4477,0.6107746
4478,0.6119
4479,0.6118547
4480,0.6117878
4481,0.61050826
4482,0.6111196
4483,0.6103202
4484,0.61161005
4485,0.61009586
4486,0.6117723
4487,0.610687
4488,0.61101216
4489,0.6115686
4490,0.6109315
4491,0.6118809
4492,0.6107637
4493,0.611569
4494,0.61186785
4495,0.6119498
4496,0.61178434
4497,0.61146456
4498,0.6116748
4499,0.6117356
4500,0.61121863
4501,0.6119611
4502,0.61058164
4503,0.6117504
4504,0.61017233
4505,0.6109926
4506,0.61152303
4507,0.6116105
4508,0.6116907
4509,0.61063045
4510,0.6119445
4511,0.61084217
4512,0.61177087
4513,0.61156416
4514,0.61161
4515,0.6102583
4516,0.61092985
4517,0.61095464
4518,0.61083126
4519,0.61008424
4520,0.6119597
4521,0.6116654
4522,0.61148566
4523,0.61174434
4524,0.61084354
4525,0.6115607
4526,0.61086404
4527,0.61190385
4528,0.61167663
4529,0.6109666
4530,0.6100498
4531,0.61192447
4532,0.6118431
4533,0.6109975
4534,0.6116406
4535,0.60889727
4536,0.61017317
4537,0.6116209
4538,0.6118195
4539,0.6117418
4540,0.6109528
4541,0.6107622
4542,0.61175305
4543,0.6118244
4544,0.6102518
4545,0.6117443
4546,0.6104333
4547,0.611636
4548,0.6090109
4549,0.6101692
4550,0.61186904
4551,0.61072993
4552,0.61078286
4553,0.6114892
4554,0.6118526
4555,0.61140114
4556,0.6118718
4557,0.6118115
4558,0.6117642
4559,0.61168975
4560,0.61127245
4561,0.6107087
4562,0.6107238
4563,0.6114771
4564,0.61032367
4565,0.61057943
4566,0.6107653
4567,0.61069006
4568,0.61156803
4569,0.61003107
4570,0.6085659
4571,0.6103569
4572,0.61120355
4573,0.61036825
4574,0.61179125
4575,0.61155736
4576,0.61160284
4577,0.6107226
4578,0.6117792
4579,0.61172676
4580,0.61167
4581,0.6119067
4582,0.6119783
4583,0.61025876
4584,0.6115804
4585,0.609865
4586,0.6116259
4587,0.6100794
4588,0.611638
4589,0.611179
4590,0.61196893
4591,0.6105622
4592,0.6115179
4593,0.6111195
4594,0.610528
4595,0.6109963
4596,0.6103137
4597,0.6101912
4598,0.61149544
4599,0.6119937
4600,0.6119126
4601,0.61055034
4602,0.611779
4603,0.6104274
4604,0.61195767
4605,0.6107271
4606,0.61034185
4607,0.6117941
4608,0.6100872
4609,0.6118602
4610,0.6112411
4611,0.6099956
4612,0.6111234
4613,0.6101924
4614,0.6104431
4615,0.610456
4616,0.61170447
4617,0.6116601
4618,0.6106481
4619,0.61110264
4620,0.6118378
4621,0.61176294
4622,0.6116422
4623,0.6118534
4624,0.61148685
4625,0.6108204
4626,0.61171067
4627,0.6104009
4628,0.6108759
4629,0.6114978
4630,0.6106794
4631,0.6107175
4632,0.6086734
4633,0.6106486
4634,0.61142296
4635,0.6106802
4636,0.61020917
4637,0.6113314
4638,0.6095964
4639,0.6119483
4640,0.6115498
4641,0.61111146
4642,0.61081815
4643,0.6107198
4644,0.6083717
4645,0.61193246
4646,0.61094284
4647,0.6117327
4648,0.6115072
4649,0.61164874
4650,0.610657
4651,0.61118376
4652,0.61171234
4653,0.6117942
4654,0.61038864
4655,0.6118052
4656,0.6117379
4657,0.6115392
4658,0.6111031
4659,0.6107456
4660,0.61139685
4661,0.61162525
4662,0.610521
4663,0.6118547
4664,0.61171305
4665,0.61171925
4666,0.6102809
4667,0.61162937
4668,0.61083645
4669,0.611767
4670,0.61082536
4671,0.6119402
4672,0.6108937
4673,0.6113146
4674,0.611865
4675,0.6103975
4676,0.61068034
4677,0.61185455
4678,0.6114613
4679,0.61179453
4680,0.61168486
4681,0.6115063
4682,0.61032957
4683,0.6118581
4684,0.6119456
4685,0.6116495
4686,0.61167675
4687,0.61179894
4688,0.61172205
4689,0.6117237
4690,0.60996526
4691,0.6095898
4692,0.6117829
4693,0.6105561
4694,0.61173195
4695,0.6116446
4696,0.61109275
4697,0.61172265
4698,0.6108918
4699,0.61140484
4700,0.6115631
4701,0.6114234
4702,0.6107245
4703,0.6118426
4704,0.6115151
4705,0.611558
4706,0.61150414
4707,0.61054224
4708,0.6108615
4709,0.6106084
4710,0.611781
4711,0.6115641
4712,0.61061287
4713,0.610394
4714,0.6118032
4715,0.61172
4716,0.61167234
4717,0.61156505
4718,0.61190623
4719,0.6107225
4720,0.61185956
4721,0.6115327
4722,0.6114537
4723,0.6116694
4724,0.6109934
4725,0.61162746
4726,0.61137235
4727,0.61048436
4728,0.61157244
4729,0.61187774
4730,0.61065704
4731,0.61164355
4732,0.6118567
4733,0.61190116
4734,0.6106345
4735,0.6119715
4736,0.61172557
4737,0.61131483
4738,0.6106833
4739,0.6111991
4740,0.6117614
4741,0.6115093
4742,0.61179113
4743,0.61151254
4744,0.61107785
4745,0.6104571
4746,0.61193854
4747,0.6109515
4748,0.609121
4749,0.61096615
4750,0.6114019
4751,0.6116049
4752,0.6115277
4753,0.6117884
4754,0.61098015
4755,0.6117149
4756,0.6116673
4757,0.6114652
4758,0.6119083
4759,0.61102873
4760,0.6102784
4761,0.6107048
4762,0.6118241
4763,0.61101824
4764,0.61183834
4765,0.6116289
4766,0.61065245
4767,0.6116986
4768,0.60979384
4769,0.61032677
4770,0.6105588
4771,0.6115988
4772,0.61060894
4773,0.6107875
4774,0.61090386
4775,0.6119725
4776,0.6104597
4777,0.61039263
5978,0.61020446
5979,0.61069244
5980,0.61084825
5981,0.6105684
5982,0.6081107
5983,0.61030746
5984,0.6101131
5985,0.61061394
5986,0.6074473
5987,0.605215
5988,0.60589564
5989,0.6105932
5990,0.60490865
5991,0.6070946
5992,0.6104537
5993,0.6078912
5994,0.6077567
5995,0.60743976
5996,0.6106724
5997,0.6072226
5998,0.6068597
5999,0.6100293
6000,0.6088457
6001,0.6102129
6002,0.6077653
6003,0.60639346
6004,0.61005193
6005,0.60639966
6006,0.6075592
6007,0.60439575
6008,0.61183447
6010,0.6104816
6011,0.60998195
6012,0.61109805
6013,0.6101383
6014,0.6059102
6015,0.60826457
6016,0.6060304
6017,0.61036247
6018,0.60710406
6019,0.6104569
6020,0.60855085
6021,0.6069341
6022,0.60827196
6023,0.6093815
6024,0.6105223
6025,0.610265
6026,0.606063
6027,0.60789824
6028,0.60734165
6029,0.6108322
6030,0.60608196
6031,0.6051927
6032,0.60706687
6033,0.6053623
6034,0.6087167
6035,0.61070424
6036,0.6095519
6037,0.60729253
6038,0.60895336
6039,0.61116236
6040,0.61045414
6041,0.6066592
6042,0.60779464
6043,0.6103199
6044,0.60641277
6045,0.6073961
6046,0.6108154
6047,0.6103585
6048,0.61139286
6049,0.6103138
6050,0.608908
6051,0.6117258
6052,0.6088822
6053,0.6101862
6054,0.61032087
6055,0.6082058
6056,0.6107049
6057,0.6052531
6058,0.6081362
6059,0.6102057
6060,0.6101941
6061,0.6081223
6062,0.6105387
6063,0.60749316
6064,0.60725594
6065,0.6081548
6066,0.61039275
6067,0.6102579
6068,0.60713446
6069,0.6082593
6070,0.6072441
6071,0.6075375
6072,0.6074473
6073,0.60902774
6074,0.60709
6075,0.60797566
6076,0.6098645
6077,0.61050886
6078,0.6070591
6079,0.6046591
6080,0.6083205
6081,0.6065819
6082,0.6106319
6083,0.6100355
6084,0.60427845
6085,0.60693675
6086,0.6104122
6087,0.6071397
6088,0.6089446
6089,0.60524726
6090,0.6104542
6091,0.6045354
6092,0.6101114
6093,0.6100107
6094,0.61108357
6095,0.6079724
6096,0.6079688
6097,0.61014104
6098,0.60467565
6099,0.61031586
6100,0.609881
6101,0.6085155
6102,0.6086961
6103,0.60905856
6104,0.61013
6105,0.6076316
6106,0.61063963
6107,0.6089424
6108,0.6103043
6109,0.6079514
6110,0.6074863
6111,0.6083289
6112,0.61071604
6113,0.60545427
6114,0.6100299
6115,0.6066786
6116,0.60899454
6117,0.61112213
6118,0.6057687
6119,0.61051375
6120,0.6075157
6121,0.6048295
6122,0.60760087
6123,0.604898
6124,0.6047997
6125,0.6068366
6126,0.6106
6127,0.606718
6128,0.60545856
6129,0.60751814
6130,0.6105326
6131,0.6105794
6132,0.60430294
6133,0.6102419
6134,0.6101451
6135,0.6074679
6136,0.6103476
6137,0.6084294
6138,0.6079482
6139,0.60783017
6140,0.61102194
6141,0.6072317
6142,0.608961
6143,0.605959
6144,0.60565585
6145,0.6062729
6146,0.6101993
6147,0.6071003
6148,0.60674185
6149,0.6078107
6150,0.60797894
6151,0.6080249
6152,0.6085206
6153,0.6071506
6154,0.60988075
6155,0.61058426
6156,0.608068
6157,0.60591286
6158,0.6062536
6159,0.60814965
6160,0.60784703
6161,0.6078695
6162,0.60960746
6163,0.61020535
6164,0.6075961
6165,0.6057854
6166,0.6099357
6167,0.60226077
6168,0.60823387
6169,0.6094631
6170,0.6114922
6171,0.60557723
6172,0.60787255
6173,0.6101995
6174,0.60717225
6175,0.6104624
6176,0.61055005
6177,0.61035204
6178,0.60330373
6179,0.6066296
6180,0.607921
6181,0.6044143
6182,0.6057019
6183,0.6055278
6184,0.61039233
6185,0.60735476
6186,0.6068783
6187,0.61007226
6188,0.6117267
6189,0.61037016
6190,0.6100968
6191,0.60918194
6192,0.60622936
6193,0.6104138
6194,0.6072415
6195,0.6041688
6196,0.61075604
6197,0.6079888
6198,0.6060333
6199,0.6066956
6200,0.609339
6201,0.6067232
6202,0.6099847
6203,0.60546315
6204,0.6120367
6205,0.6066924
6206,0.6113663
6207,0.6117309
6208,0.60575664
6209,0.6072768
6210,0.6078473
6211,0.6104611
6212,0.6077007
6213,0.6101731
6214,0.6104649
6215,0.6103242
6216,0.60852104
6217,0.6101823
6218,0.6078395
6219,0.6089691
6220,0.60934776
6221,0.60759497
6222,0.60721135
6223,0.6061565
6224,0.6067728
6225,0.6054181
6226,0.6030918
6227,0.61043346
6228,0.6062151
6229,0.60998255
6230,0.610132
6231,0.6076788
6232,0.6112279
6233,0.6063304
6234,0.6105644
6235,0.6102842
6236,0.60801274
6237,0.6093847
6238,0.61169404
6239,0.60884935
6240,0.6050183
6241,0.6101474
6242,0.6098128
6243,0.6084204
6244,0.61050934
6245,0.6061212
6246,0.61199796
6247,0.60496
6248,0.6102681
6249,0.60707545
6250,0.60659295
6251,0.6103629
6252,0.61027104
6253,0.60604453
6254,0.6065257
6255,0.6100922
6256,0.6102558
6257,0.6100528
6258,0.61000794
6259,0.60308856
6260,0.60728353
6261,0.61061203
6262,0.6051269
6263,0.6057164
6264,0.60836333
6265,0.60737437
6266,0.61018753
6267,0.6056426
6268,0.60588133
6269,0.61006016
6270,0.6055221
6271,0.60724944
6272,0.6082575
6273,0.6106279
6274,0.6106042
6275,0.61013854
6276,0.60541713
6277,0.60998034
6278,0.6103952
6279,0.6079175
6280,0.60283947
6281,0.61151797
6282,0.60616356
6283,0.6101696
6284,0.60633224
6285,0.6081569
6286,0.6062912
6287,0.6051259
6288,0.6071493
6289,0.6070387
6290,0.6101901
6291,0.6071953
6292,0.60724133
6293,0.6084798
6294,0.6117479
6295,0.606841
6296,0.61135155
6297,0.61035186
6298,0.61019623
6299,0.60792285
6300,0.6056132
6301,0.60644186
6302,0.60736495
6303,0.6101474
6304,0.6102244
6305,0.6042847
6306,0.6102717
6307,0.60833097
6308,0.6065098
6309,0.6101871
6310,0.60565686
6311,0.6072046
6312,0.60851675
6313,0.60601765
6314,0.61021036
6315,0.60705847
6316,0.61133105
6317,0.60993713
6318,0.6102606
6319,0.6109148
6320,0.6103711
6321,0.610243
6322,0.6071374
6323,0.6102859
6324,0.6099504
6325,0.60715026
6326,0.6100138
6327,0.6094818
6328,0.60750765
6329,0.6074571
6330,0.60621244
6331,0.6068007
6332,0.6020299
6333,0.6038558
6334,0.60815287
6335,0.6051214
6336,0.6061865
6337,0.6076783
6338,0.6099311
6339,0.60728705
6340,0.60527325
6341,0.6076886
6342,0.6102766
6343,0.6120061
6344,0.6074842
6345,0.6074564
6346,0.60725135
6347,0.6031191
6348,0.61039317
6349,0.6051144
6350,0.60870683
6351,0.6040736
6352,0.6087722
6353,0.60601103
6354,0.6103256
6355,0.6084082
6356,0.61029166
6357,0.6064064
6358,0.6067563
6359,0.610087
6360,0.60893416
6361,0.6083378
6362,0.6106591
6363,0.6058927
6364,0.60457414
6365,0.6069426
6366,0.60877764
6367,0.6075
6368,0.61036193
6369,0.61028135
6370,0.61160535
6371,0.6055623
6372,0.60704714
6373,0.6070628
6374,0.6088857
6375,0.6102217
6376,0.60764885
6377,0.6082088
6378,0.6055345
6379,0.60550475
6380,0.610462
6381,0.6062526
6382,0.6100705
6383,0.60755324
6384,0.6052649
6385,0.6073129
6386,0.6096994
6387,0.6054873
6388,0.60577816
6389,0.6082757
6390,0.6073396
6391,0.61024785
6392,0.60740227
6393,0.6102575
6394,0.6097577
6395,0.6070685
6396,0.60582423
6397,0.6076087
6398,0.60747176
6399,0.60681736
6400,0.60718215
6401,0.6070415
6402,0.6071615
6403,0.6116895
6404,0.6107624
6405,0.60303557
6406,0.6092574
6407,0.60707265
6408,0.60841924
6409,0.6072363
6410,0.60828906
6411,0.61011064
6412,0.6117487
6413,0.6069742
6414,0.6104572
6415,0.60788804
6416,0.6101024
6417,0.6081377
6418,0.6096444
6419,0.6073823
6420,0.61025286
6421,0.61019975
6422,0.6099828
6423,0.6039158
6424,0.6081854
6425,0.6068897
6426,0.6073787
6427,0.61085725
6428,0.6068118
6429,0.6105373
6430,0.61036825
6431,0.61016995
6432,0.6053187
6433,0.60821754
6434,0.60800594
6435,0.61014193
6436,0.6070075
6437,0.60725665
6438,0.6103949
6439,0.6105949
6440,0.6103255
6441,0.60541713
6442,0.6101967
6443,0.608853
6444,0.60538393
6445,0.6056842
6446,0.6037833
6447,0.60853744
6448,0.6082222
6449,0.61184984
6450,0.6075184
6451,0.6101687
6452,0.61034805
6453,0.6106911
6454,0.6064717
6455,0.60663253
6456,0.6101041
6457,0.60846514
6458,0.61041915
6459,0.6070943
6460,0.60884804
6461,0.60689497
6462,0.60276353
6463,0.6043021
6464,0.6103263
6465,0.6070192
6466,0.60825634
6467,0.61047024
6468,0.6072274
6469,0.61047775
6470,0.6077247
6471,0.61036485
6472,0.60562354
6473,0.60691494
6474,0.61001104
6475,0.61029476
6476,0.60603964
6477,0.6071153
6478,0.60621375
6479,0.61150223
6480,0.60939807
6481,0.60993814
6482,0.6100849
6483,0.6090559
6484,0.6052907
6485,0.60829914
6486,0.6071889
6487,0.60501987
6488,0.6104022
6489,0.6072842
6490,0.6101894
6491,0.6068431
6492,0.6072595
6493,0.607594
6494,0.6026428
6495,0.607135
6496,0.61050975
6497,0.6079732
6498,0.60721827
6499,0.6102913
6500,0.60705
6501,0.6103094
6502,0.60760814
6503,0.60717547
6504,0.61078507
6505,0.60458565
6506,0.6100611
6507,0.60645026
6508,0.60792196
6509,0.6103734
6510,0.6068585
6511,0.607539
6512,0.60595095
6513,0.607148
6514,0.6102702
6515,0.61040974
6516,0.60871565
6517,0.61024815
6518,0.6101926
6519,0.60951537
6520,0.60910153
6521,0.6072207
6522,0.60711664
6523,0.6071806
6524,0.6070349
6525,0.6068549
6526,0.61024064
6527,0.6073447
6528,0.60694444
6529,0.6087514
6530,0.6085918
6531,0.6102332
6532,0.6053774
6533,0.60762334
6534,0.6101951
6535,0.60929406
6536,0.6093723
6537,0.6101911
6538,0.61130965
6539,0.61011887
6540,0.60728645
6541,0.60846275
6542,0.6083932
6543,0.60480267
6544,0.60710686
6545,0.6102198
6546,0.6103821
6547,0.6068794
6548,0.6101893
6549,0.61179197
6550,0.6099937
6551,0.6082185
6552,0.61023337
6553,0.60898405
6554,0.60544574
6555,0.61021674
6556,0.61033374
6557,0.6105114
6558,0.6102111
6559,0.6068006
6560,0.6102861
6561,0.6090398
6562,0.6104847
6563,0.6062014
6564,0.6056732
6565,0.6115574
6566,0.6055608
6567,0.6109742
6568,0.6103094
6569,0.61045945
6570,0.6076003
6571,0.6090222
6572,0.60539615
6573,0.61026645
6575,0.6065479
6576,0.607356
6577,0.61065716
6578,0.6034881
6579,0.60876036
6580,0.6091496
6581,0.61028117
6582,0.60844
6583,0.607352
6584,0.6051315
6585,0.61152977
6586,0.6086262
6587,0.6107055
6588,0.6115519
6589,0.61050504
6590,0.607078
6591,0.6107453
6592,0.6048921
6593,0.6071762
6594,0.610406
6595,0.6102855
6596,0.60851973
6597,0.6054367
6598,0.60994625
6599,0.60442555
6600,0.60390276
6601,0.6079957
6602,0.61025524
6603,0.61026067
6604,0.6067006
6605,0.6100078
6606,0.60706615
6607,0.60712534
6608,0.6069595
6609,0.6071984
6610,0.6101492
6611,0.61014295
6612,0.61003554
6613,0.61021316
6614,0.61005056
6615,0.6032135
6616,0.6116436
6617,0.60763544
6618,0.6069812
6619,0.60525036
6620,0.61017597
6621,0.6101434
6622,0.6102465
6623,0.6086205
6624,0.6109463
6625,0.6070952
6626,0.6071349
6627,0.6089189
6628,0.6101815
6629,0.61026067
6630,0.610045
6631,0.60856277
6632,0.6071717
6633,0.6058321
6634,0.6102573
6635,0.6071607
6636,0.60624915
6637,0.605882
6638,0.6072763
6639,0.60742235
6640,0.6103373
6641,0.6102847
6642,0.6103993
6643,0.6085015
6644,0.6105736
6645,0.6054049
6646,0.60561234
6647,0.61022115
6648,0.60824573
6649,0.61017627
6650,0.6104049
6651,0.6056653
6652,0.6111352
6653,0.61110026
6654,0.6115827
6655,0.60571414
6656,0.6113908
6657,0.6052606
6658,0.6072692
6659,0.60754967
6660,0.61180544
6661,0.60584927
6662,0.6085542
6663,0.6072048
6664,0.6073824
6665,0.6074825
6666,0.6081397
6667,0.6103653
6668,0.61025804
6669,0.6037438
6670,0.6099293
6671,0.61015457
6672,0.6059913
6673,0.61153173
6674,0.61148363
6675,0.60757416
6676,0.60800534
6677,0.60522187
6678,0.60781837
6679,0.6091171
6680,0.60576385
6681,0.6082387
6682,0.6056783
6683,0.61142254
6684,0.6104614
6685,0.6071872
6686,0.602973
6687,0.60816455
6688,0.61005753
6689,0.61009043
6690,0.6045037
6691,0.6103819
6692,0.60823137
6693,0.6083677
6694,0.60566115
6695,0.6102448
6696,0.6062342
6697,0.6072123
6698,0.607162
6699,0.6047683
6700,0.60744345
6701,0.60568386
6702,0.6100152
6703,0.6102926
6704,0.6081466
6705,0.6085952
6706,0.6085684
6707,0.60405046
6708,0.61004525
6709,0.6084672
6710,0.6065064
6711,0.6070928
6712,0.60457635
6713,0.6071385
6714,0.60777324
6715,0.6063645
6716,0.60835505
6717,0.6090122
6718,0.610532
6719,0.61014706
6720,0.61010367
6721,0.6091155
6722,0.6102396
6723,0.6102727
6724,0.6105577
6725,0.61022574
6726,0.6036941
6727,0.6049614
6728,0.6075804
6729,0.61045146
6730,0.6074791
6731,0.6100391
6732,0.60892963
6733,0.6082958
6734,0.61158663
6735,0.6050572
6736,0.60735697
6737,0.6102859
6738,0.6105313
6739,0.61153644
6740,0.6049552
6741,0.606918
6742,0.60824454
6743,0.6103732
6744,0.6096829
6745,0.60735047
6746,0.61002195
6747,0.6075298
6748,0.60562766
6749,0.60718805
6750,0.61014694
6751,0.60554934
6752,0.6091984
6753,0.61014724
6754,0.6102024
6755,0.60328394
6756,0.6106252
6757,0.60914123
6758,0.6060477
6759,0.61024326
6760,0.60642177
6761,0.6105039
6762,0.605581
6763,0.6074208
6764,0.6043275
6765,0.604306
6766,0.610264
6767,0.60797095
6768,0.61017334
6769,0.61130565
6770,0.60911506
6771,0.6086073
6772,0.61171186
6773,0.61031646
6774,0.610438
6775,0.6074705
6776,0.61034274
6777,0.6104273
6778,0.61052406
6779,0.6059604
6780,0.6055712
6781,0.6097648
6782,0.61150515
6783,0.60880446
6784,0.61027265
6785,0.610128
6786,0.6109162
6787,0.6072786
6788,0.6103749
6789,0.6044579
6790,0.60740113
6791,0.6092432
6792,0.6078554
6793,0.6100912
6794,0.60299075
6795,0.6103204
6796,0.6101004
6797,0.60691893
6798,0.6069936
6799,0.60282075
6800,0.6051544
6801,0.61009634
6802,0.60863566
6803,0.6076027
6804,0.60493064
6805,0.60637254
6806,0.6079769
6807,0.61038846
6808,0.6109736
6809,0.60504204
6810,0.6054605
6811,0.6082389
6812,0.6103409
6813,0.61051106
6814,0.6076154
6815,0.60908383
6816,0.6055498
6817,0.61039525
6818,0.60558605
6819,0.6103728
6820,0.61058676
6821,0.6100953
6822,0.60920393
6823,0.6102234
6824,0.60999864
6825,0.6047426
6826,0.60815555
6827,0.60718805
6828,0.6102545
6829,0.61032677
6830,0.6091212
6831,0.6064549
6832,0.60712
6833,0.6104155
6834,0.610265
6835,0.61010313
6836,0.607919
6837,0.6106378
6838,0.6096093
6839,0.61040974
6840,0.6084839
6841,0.6100917
6842,0.610278
6843,0.61141664
6844,0.610828
6845,0.6058312
6846,0.61040765
6847,0.610796
6848,0.60748076
6849,0.6054497
6850,0.6071991
6851,0.6080557
6852,0.60546994
6853,0.6059087
6854,0.6093028
6855,0.6070635
6856,0.61040276
6857,0.608892
6858,0.6037355
6859,0.60712916
6860,0.6090071
6861,0.61026967
6862,0.6068104
6863,0.60589373
6864,0.61161363
6865,0.6067673
6866,0.60829693
6867,0.6069211
6868,0.60890573
6869,0.61171055
6870,0.6074164
6871,0.60889655
6872,0.6071617
6873,0.60818285
6874,0.6070112
6875,0.61028296
6876,0.607371
6877,0.6090223
6878,0.6074488
6879,0.6041708
6880,0.6082994
6881,0.6077353
6882,0.6073115
6883,0.61029565
6884,0.6072898
6885,0.61006016
6886,0.6094496
6887,0.61020046
6888,0.60974705
6889,0.60798204
6890,0.6068431
6891,0.61040384
6892,0.61062217
6893,0.60707146
6894,0.60821426
6895,0.608183
6896,0.60372216
6897,0.60906196
6898,0.60677326
6899,0.6058173
6900,0.6073001
6901,0.6074985
6902,0.61027163
6903,0.6096447
6904,0.6056806
6905,0.610229
6907,0.6101609
6908,0.6080404
6909,0.6102828
6910,0.609295
6911,0.61046284
6912,0.60807264
6913,0.60802627
6914,0.61013603
6915,0.6056609
6916,0.6101647
6917,0.6038597
6918,0.61049384
6919,0.6050176
6920,0.6092324
6921,0.60617197
6922,0.61033624
6923,0.6039417
6924,0.60923773
6925,0.6103089
6926,0.6074971
6927,0.61046916
6928,0.6115079
6929,0.6078299
6930,0.6102196
6931,0.6054773
6932,0.60786223
6933,0.6059133
6934,0.61026186
6935,0.60721195
6936,0.60791516
6937,0.60809106
6938,0.60759133
6939,0.60735077
6940,0.60553473
6941,0.6086173
6942,0.6072426
6943,0.6105362
6944,0.6052105
6945,0.6080087
6946,0.6052921
6947,0.6102953
6948,0.60990953
6949,0.60435826
6950,0.6104783
6951,0.6117417
6952,0.61027354
6953,0.6105148
6954,0.6098802
6955,0.6074025
6956,0.60667545
6957,0.6059978
6958,0.60396403
6959,0.6088411
6960,0.60788643
6961,0.60565495
6962,0.61003107
6963,0.60741156
6964,0.6071833
6965,0.6058239
6966,0.610189
6967,0.60532767
6968,0.60624164
6969,0.6090424
6970,0.6083931
6971,0.60832214
6972,0.6085754
6973,0.6104395
6974,0.6117519
6975,0.60713595
6976,0.6101207
6977,0.6101287
6978,0.609952
6979,0.60612476
6980,0.6102697
6981,0.60825706
6982,0.60486573
6983,0.6102928
6984,0.61186266
6985,0.61035067
6986,0.6036964
6987,0.6098988
6988,0.6092671
6989,0.60573226
6990,0.61036634
6991,0.6107407
6992,0.60734606
6993,0.61022544
6994,0.6104773
6995,0.61100453
6996,0.6075065
6997,0.60718924
6998,0.61006576
6999,0.6101712
7000,0.6079568
7001,0.6079601
7002,0.6077774
7003,0.607193
7004,0.6071559
7005,0.6099972
7006,0.61020786
7007,0.61007637
7008,0.61076504
7009,0.61020344
7010,0.61050475
7011,0.61020374
7012,0.61014295
7013,0.61028326
7014,0.6108356
7015,0.6069129
7016,0.6102579
7017,0.60872966
7018,0.6076351
7019,0.6073881
7020,0.60603017
7021,0.60388774
7022,0.60808504
7023,0.61063725
7024,0.6116775
7025,0.60759324
7026,0.6047882
7027,0.6047447
7028,0.60476196
7029,0.61006236
7030,0.61046904
7031,0.61110884
7032,0.60866827
7033,0.60514915
7034,0.60639095
7035,0.607277
7036,0.6085444
7037,0.609849
7038,0.60714674
7039,0.6103112
7040,0.6056366
7041,0.609814
7042,0.6071009
7043,0.60819423
7044,0.6101486
7045,0.6101035
7046,0.6100733
7047,0.60826945
7048,0.6099139
7049,0.6079036
7050,0.604716
7051,0.6101934
7052,0.61034054
7053,0.6062047
7054,0.6064314
7055,0.6104118
7056,0.60359305
7057,0.6088424
7058,0.6103232
7059,0.6040898
7060,0.6104614
7061,0.60706466
7062,0.6103174
7063,0.6084453
7064,0.6104808
7065,0.6058068
7066,0.60900414
7067,0.610362
7068,0.6071312
7069,0.60868746
7070,0.61039686
7071,0.6101744
7072,0.6076674
7073,0.60885864
7074,0.6104181
7075,0.60530716
7076,0.608416
7077,0.60650223
7078,0.6103634
7079,0.6051547
7080,0.6094697
7081,0.6070122
7082,0.606828
7083,0.61075044
7084,0.61031634
7085,0.6059551
7086,0.6104224
7087,0.6029469
7088,0.6082921
7089,0.61168754
7090,0.61019593
7091,0.61001956
7092,0.61017597
7093,0.61052364
7094,0.6103478
7095,0.60724103
7096,0.6088433
7097,0.60675085
7098,0.6065639
7099,0.61021334
7100,0.6101857
7101,0.61029005
7102,0.61062354
7103,0.6086411
7104,0.6104672
7105,0.61043155
7106,0.60739166
7107,0.60657746
7108,0.6104665
7109,0.6119693
7110,0.6075073
7111,0.60520977
7112,0.6099251
7113,0.60819286
7114,0.6102515
7115,0.6050047
7116,0.60345936
7117,0.610297
7118,0.6103404
7119,0.6100433
7120,0.60386306
7121,0.6067074
7122,0.60730225
7123,0.6097842
7124,0.6044914
7125,0.60593545
7126,0.60430396
7127,0.6071992
7128,0.6096093
7129,0.6074941
7130,0.6049963
7131,0.6050649
7132,0.6102245
7133,0.60758555
7134,0.61036825
7135,0.6103855
7136,0.60878855
7137,0.6113295
7138,0.6102695
7139,0.6065198
7140,0.60739124
7141,0.61020344
7142,0.6075169
7143,0.60654944
7144,0.6052288
7145,0.61015564
7146,0.6080179
7147,0.6059707
7148,0.61063945
7149,0.6049656
7150,0.610237
7151,0.6084126
7152,0.6106538
7153,0.6088959
7154,0.605277
7155,0.6048402
7156,0.61019796
7157,0.60725933
7158,0.6071262
7159,0.6048633
7160,0.61184484
7161,0.60217834
7162,0.6080349
7163,0.6072873
7164,0.6094784
7165,0.60515535
7166,0.6075614
7167,0.6057299
7168,0.6103903
7169,0.607531
7170,0.6104328
7171,0.607955
7172,0.6072134
7173,0.60489553
7174,0.60572135
7175,0.6072741
7176,0.61051834
7177,0.60820633
7178,0.61048526
7179,0.61138976
7180,0.6101447
7181,0.6056718
7182,0.6119241
7183,0.6080176
7184,0.6091485
7185,0.6058663
7186,0.610366
7187,0.60567766
7188,0.6047568
7189,0.6102071
7190,0.61200196
7191,0.6103761
7192,0.61154723
7193,0.6105587
7194,0.6101761
7195,0.6100183
7196,0.60713446
7197,0.60624355
7198,0.6075242
7199,0.6101427
7200,0.6082244
7201,0.61007696
7202,0.6097945
7203,0.610107
7204,0.6057218
7205,0.6101986
7206,0.61067605
7207,0.6104111
7208,0.6101974
7209,0.6058295
7210,0.60729355
7211,0.6029337
7212,0.60864186
7213,0.6106727
7214,0.6075554
7215,0.60987467
7216,0.6086495
7217,0.60518354
7218,0.60541636
7219,0.6074985
7220,0.61042607
7221,0.6102974
7222,0.6038134
7223,0.60991967
7224,0.6054879
7225,0.61051285
7226,0.60785365
7227,0.61029834
7228,0.6072743
7229,0.60698044
7230,0.6102738
7231,0.6077138
7232,0.6098757
7233,0.61012524
7234,0.6102659
7235,0.6072411
7236,0.60997206
7237,0.61049205
7238,0.61059856
7239,0.6076494
7240,0.61177766
7241,0.607028
7242,0.6082286
7243,0.6087575
7244,0.6058147
7245,0.6072619
7246,0.6056168
7247,0.6109162
7248,0.6055482
7249,0.60798687
7250,0.60772216
7251,0.6104904
7253,0.61055017
7254,0.60979897
7255,0.60860825
7256,0.60773724
7257,0.6101135
7258,0.6104929
7259,0.61090744
7260,0.6069162
7261,0.6086741
7262,0.60992765
7263,0.60808086
7264,0.6104894
7265,0.6051945
7266,0.6083656
7267,0.6067964
7268,0.6105942
7269,0.60773355
7270,0.6101142
7271,0.6056357
7272,0.60601
7273,0.60710996
7274,0.61138594
7275,0.6041392
7276,0.6088892
7277,0.60727817
7278,0.6092866
7279,0.6101997
7280,0.60528415
7281,0.6073445
7282,0.6100492
7283,0.6100889
7284,0.605368
7285,0.6042989
7286,0.6103465
7287,0.6096104
7288,0.61030954
7289,0.6074318
7290,0.61045957
7291,0.6091298
7292,0.60857475
7293,0.6068286
7294,0.60731196
7295,0.60559094
7296,0.6077021
7297,0.6104704
7298,0.60804737
7299,0.6100913
7300,0.6085969
7301,0.60520023
7302,0.6034253
7303,0.60788566
7304,0.6116077
7305,0.6116781
7306,0.6103815
7307,0.60638225
7308,0.6070393
7309,0.6052351
7310,0.6071732
7311,0.6103145
7312,0.6069558
7313,0.6092262
7314,0.60899293
7315,0.6090957
7316,0.6115772
7317,0.60843784
7318,0.6106302
7319,0.60532165
7320,0.6080079
7321,0.6080126
7322,0.6101367
7323,0.61028206
7324,0.61007446
7325,0.61016154
7326,0.6075905
7327,0.6096884
7328,0.61049336
7329,0.6100175
7330,0.60858643
7331,0.6112664
7332,0.6029839
7333,0.60773355
7334,0.611875
7335,0.6090595
7336,0.6049289
7337,0.6070958
7338,0.6105134
7339,0.608655
7340,0.6069708
7341,0.61024743
7342,0.6098513
7343,0.6102467
7344,0.60807794
7345,0.6101902
7346,0.6103654
7347,0.61029667
7348,0.61171365
7349,0.61026025
7350,0.61031437
7351,0.61124945
7352,0.60880613
7353,0.60979545
7354,0.6040861
7355,0.60823923
7356,0.6070336
7357,0.61026275
7358,0.6102611
7359,0.61157435
7360,0.60915184
7361,0.60458314
7362,0.60799384
7363,0.61045283
7364,0.6048053
7365,0.60720193
7366,0.6056802
7367,0.6103264
7368,0.6101649
7369,0.61052936
7370,0.6079222
7371,0.604798
7372,0.606431
7373,0.60541064
7374,0.61061376
7375,0.60878456
7376,0.6073796
7377,0.6080327
7378,0.6079941
7379,0.60677874
7380,0.6089039
7381,0.6065534
7382,0.60933584
7383,0.60991424
7384,0.61156094
7385,0.61020046
7386,0.6101728
7387,0.6058885
7388,0.60917723
7389,0.6088215
7390,0.6100975
7391,0.60477006
7392,0.6048825
7393,0.6071858
7394,0.61054474
7395,0.6103642
7396,0.60509217
7397,0.6070948
7398,0.61001456
7399,0.6102743
7400,0.6102242
7401,0.604046
7402,0.60756004
7403,0.6079266
7404,0.6073699
7405,0.60604054
7406,0.61037594
7407,0.60663307
7408,0.6108244
7409,0.6097553
7410,0.60566276
7411,0.6103222
7412,0.6069773
7413,0.60414
7414,0.61013764
7415,0.6049326
7416,0.60737103
7417,0.60583884
7418,0.60854834
7419,0.6049792
7420,0.6046474
7421,0.61009294
7422,0.6115241
7423,0.6068364
7424,0.6088789
7425,0.6101151
7426,0.6103756
7427,0.60719526
7428,0.6083417
7429,0.6070537
7430,0.6098982
7431,0.60691243
7432,0.6100293
7433,0.60748225
7434,0.6100608
7435,0.60886085
7436,0.6074252
7437,0.60902995
7438,0.6100164
7439,0.6074015
7440,0.6074586
7441,0.610087
7442,0.61033845
7443,0.6039892
7444,0.60800886
7445,0.61024535
7447,0.61037296
7448,0.6077255
7449,0.6061535
7450,0.60744166
7451,0.60996693
7452,0.6073064
7453,0.60918957
7454,0.61156356
7455,0.6043685
7456,0.60918033
7457,0.6113938
7458,0.60680425
7459,0.6102551
7460,0.6101337
7461,0.6089474
7462,0.6072553
7463,0.60693264
7464,0.609568
7465,0.60680693
7466,0.610019
7467,0.6078925
7468,0.611296
7469,0.60876745
7470,0.6088912
7471,0.61021465
7472,0.6072598
7473,0.6050215
7474,0.60786813
7475,0.6092512
7476,0.6095022
7477,0.61013055
7478,0.6059059
7479,0.61031634
7480,0.6056594
7481,0.61033446
7482,0.60770625
7483,0.60694
7484,0.6102648
7485,0.61052173
7486,0.6104678
7487,0.6056396
7488,0.6103917
7489,0.61025023
7490,0.607108
7491,0.6068112
7492,0.60879827
7493,0.60578316
7494,0.6072646
7495,0.6080842
7496,0.6100437
7497,0.6100343
7498,0.6084927
7499,0.6102058
7500,0.61041886
7501,0.6082791
7502,0.60885227
7503,0.60569763
7504,0.6084886
7505,0.606013
7506,0.6105242
7507,0.61061406
7508,0.61016554
7509,0.61047
7510,0.6075139
7511,0.61024976
7512,0.60820556
7513,0.6023914
7514,0.6055816
7515,0.60911447
7516,0.60515887
7517,0.6100433
7518,0.61032337
7519,0.6090879
7520,0.61013615
7521,0.60465986
7522,0.6085399
7523,0.608194
7524,0.6066621
7525,0.60710704
7526,0.60455674
7527,0.60645586
7528,0.6051904
7529,0.61039144
7530,0.61107695
7531,0.6105525
7532,0.610379
7533,0.60816336
7534,0.60668045
7535,0.6104296
7536,0.6103096
7537,0.610851
7538,0.6075774
7539,0.605606
7540,0.6070436
7541,0.60727686
7542,0.60540223
7543,0.606366
7544,0.61156476
7545,0.6055608
7546,0.6057905
7547,0.6046622
7548,0.60565764
7549,0.6116947
7550,0.61024725
7551,0.60837907
7552,0.61022604
7553,0.6079573
7554,0.60837525
7555,0.6100474
7556,0.6072156
7557,0.6103937
7558,0.60681355
7559,0.6100462
7560,0.60763615
7561,0.6054716
7562,0.6071497
7563,0.6053244
7564,0.6070954
7565,0.6102144
7566,0.6103252
7567,0.6074792
7568,0.60841686
7569,0.6070497
7570,0.6073871
7571,0.6052769
7572,0.60854644
7573,0.6102265
7574,0.6056555
7575,0.6042471
7576,0.6073135
7577,0.6024424
7578,0.60530883
7579,0.6094204
7580,0.6067916
7581,0.6101641
7582,0.6072502
7583,0.60648245
7584,0.60791385
7585,0.6103308
7586,0.6071661
7587,0.6101775
7588,0.60939175
7589,0.6102319
7590,0.60862756
7591,0.6071719
7592,0.61053294
7593,0.610193
7594,0.61017156
7595,0.6072102
7596,0.6086865
7597,0.6101614
7598,0.608096
7599,0.60864264
7600,0.608057
7601,0.6079499
7602,0.6073706
7603,0.610423
7604,0.60835844
7605,0.60468286
7606,0.60554653
7607,0.6088726
7608,0.6118544
7609,0.6089722
7610,0.6071906
7611,0.6116899
7612,0.6102131
7613,0.6090597
7614,0.60861033
7615,0.6105886
7616,0.60587656
7617,0.610381
7618,0.61038226
7619,0.6116076
7620,0.6031134
7621,0.60991657
7622,0.60920066
7623,0.6063887
7624,0.60866606
7625,0.605472
7626,0.60731626
7627,0.6107362
7628,0.60881233
7629,0.6100164
7630,0.6074019
7631,0.6105743
7632,0.60758656
7633,0.602219
7634,0.61062217
7635,0.60387164
7636,0.6102351
7637,0.6088157
7638,0.607508
7639,0.60704833
7640,0.6073336
7641,0.6048415
7642,0.6115562
7643,0.6072256
7644,0.61022604
7645,0.60763425
7646,0.61010754
7647,0.6071361
7648,0.6116183
7649,0.60765815
7650,0.6106194
7651,0.61011696
7652,0.6080429
7653,0.608292
7654,0.6117671
7655,0.61034054
7656,0.610168
7657,0.6055751
7658,0.6077535
7659,0.60804284
7660,0.60750115
7661,0.6073963
7662,0.60889834
7663,0.60520357
7664,0.60772544
7665,0.6077385
7666,0.6083656
7667,0.60761744
7668,0.61093515
7669,0.6059167
7670,0.61146617
7671,0.61180174
7672,0.6058391
7673,0.602236
7674,0.60873604
7675,0.6071834
7676,0.6079076
7677,0.60907906
7678,0.6100775
7679,0.61105233
7680,0.60524607
7681,0.6059445
7682,0.6109603
7683,0.6072346
7684,0.60431206
7685,0.6034749
7686,0.61192995
7687,0.60546225
7688,0.6053029
7689,0.6057767
7690,0.6073881
7691,0.6073159
7692,0.6088055
7693,0.6072356
7694,0.6064162
7695,0.6102858
7696,0.60990745
7697,0.60741866
7698,0.60749894
7699,0.6107127
7700,0.6055449
7701,0.61148554
7702,0.60404426
7703,0.6082411
7704,0.6070385
7705,0.6102263
7706,0.6076717
7707,0.6090078
7708,0.6040489
8863,0.6115211
8864,0.61144334
8865,0.6047064
8866,0.60696435
8867,0.6084617
8868,0.61033326
8869,0.6111798
8870,0.607122
8871,0.609959
8872,0.6078032
8873,0.6093076
8874,0.61160624
8875,0.61006624
8876,0.6102746
8877,0.61134624
8878,0.6100994
8879,0.6072182
8880,0.61012226
8881,0.6065796
8882,0.610235
8883,0.6103977
8884,0.6101926
8885,0.60471505
8886,0.61007184
8887,0.6071655
8888,0.60950434
8889,0.61076903
8890,0.60756487
8891,0.60472345
8892,0.6103819
8893,0.60673237
8894,0.6101957
8895,0.60640055
8896,0.6071728
8897,0.61053324
8898,0.60849357
8899,0.6115921
8900,0.60844725
8901,0.6116364
8902,0.6052317
8903,0.60638756
8904,0.6083612
8905,0.6087441
8906,0.60797876
8907,0.61159307
8908,0.6106736
8909,0.60798496
8910,0.6103038
8911,0.6065813
8912,0.610292
8913,0.6103559
8914,0.6094148
8915,0.6070409
8916,0.6109856
8917,0.6114389
8918,0.6111415
8919,0.60314786
8920,0.6115745
8921,0.6091387
8922,0.60832185
8923,0.60585093
8924,0.60720855
8925,0.610413
8926,0.61025614
8927,0.611462
8928,0.6105745
8929,0.61024916
8930,0.6112663
8931,0.60258245
8932,0.6099195
8933,0.6082333
8934,0.6102123
8935,0.60995126
8936,0.6101004
8937,0.61072516
8938,0.61027324
8939,0.60457146
8940,0.60854244
8941,0.6085727
8942,0.61010456
8943,0.6102669
8944,0.61049086
8945,0.6072259
8946,0.6035041
8947,0.61122113
8948,0.6052901
8949,0.6115013
8950,0.61100185
8951,0.607215
8952,0.6103834
8953,0.61056024
8954,0.6049231
8955,0.60468286
8956,0.61013895
8957,0.60807574
8958,0.61153436
8959,0.6052026
8960,0.6114561
8961,0.6103925
8962,0.6072562
8963,0.6103844
8964,0.611595
8965,0.6079397
8966,0.6101903
8967,0.6072661
8968,0.60665023
8969,0.60979337
8970,0.61020494
8971,0.61059934
8972,0.6076996
8973,0.6060018
8974,0.6044039
8975,0.61158675
8976,0.6114283
8977,0.60829127
8978,0.6112775
8979,0.6086218
8980,0.61020535
8981,0.6081651
8982,0.61014676
8983,0.60795546
8984,0.6100093
8985,0.6104266
8986,0.6076549
8987,0.6070746
8988,0.6092966
8989,0.6099508
8990,0.6086419
8991,0.61159784
8992,0.61147445
8993,0.6115093
8994,0.6117439
8995,0.6075827
8996,0.6093164
8997,0.6101913
8998,0.6044422
8999,0.6103181
9000,0.61017877
9001,0.6117375
9002,0.6069404
9003,0.6104358
9004,0.6063283
9005,0.60355264
9006,0.60304254
9007,0.6093638
9008,0.60815185
9009,0.607415
9010,0.61031204
9011,0.60873073
9012,0.6105374
9013,0.61026675
9014,0.6098307
9015,0.61043084
9016,0.60615695
9017,0.60713893
9018,0.60707754
9019,0.6062564
9020,0.6116364
9021,0.607307
9022,0.6074073
9023,0.61022794
9024,0.61013347
9025,0.60994947
9026,0.6071531
9027,0.6076972
9028,0.6100589
9029,0.60913646
9030,0.6114199
9031,0.61053205
9032,0.6099185
9033,0.6114922
9034,0.6085564
9035,0.6087636
9036,0.61127627
9037,0.6046573
9038,0.61007583
9039,0.6087281
9040,0.6054662
9041,0.611547
9042,0.6085653
9043,0.60741043
9044,0.61065173
9045,0.6114732
9046,0.6107368
9047,0.6102177
9048,0.61165637
9049,0.60729605
9050,0.6102762
9051,0.6082573
9052,0.6033351
9053,0.6071364
9054,0.61052686
9055,0.61059105
9056,0.6113406
9057,0.6070378
9058,0.6050376
9059,0.6116217
9060,0.6057675
9061,0.606824
9062,0.6117054
9063,0.61016375
9064,0.6110202
9065,0.60995173
9066,0.61117476
9067,0.6102305
9068,0.6101548
9069,0.60546774
9070,0.61013967
9071,0.60724723
9072,0.61131483
9073,0.6104465
9074,0.6071636
9075,0.60546607
9076,0.6116572
9077,0.61035216
9078,0.61015546
9079,0.6092551
9080,0.6102242
9081,0.6069771
9082,0.6081822
9083,0.60808146
9084,0.6097468
9085,0.6093198
9086,0.609902
9087,0.61039674
9088,0.607563
9089,0.60915166
9090,0.6101371
9091,0.60791546
9092,0.61175257
9093,0.61040235
9094,0.6100469
9095,0.6073871
9096,0.60818285
9097,0.61037385
9098,0.60540867
9099,0.61024356
9100,0.61044234
9101,0.6101234
9102,0.6101475
9103,0.60738695
9104,0.6086838
9105,0.6103307
9106,0.605001
9107,0.61025447
9108,0.6117596
9109,0.6114142
9110,0.6089219
9111,0.6073451
9112,0.60813373
9113,0.6104489
9114,0.6072833
9115,0.6085861
9116,0.6080589
9117,0.6079477
9118,0.6088807
9119,0.61020166
9121,0.6073625
9122,0.6088266
9123,0.610304
9124,0.6114354
9125,0.6112954
9126,0.6100732
9127,0.60812086
9128,0.6109094
9129,0.610065
9130,0.61154974
9131,0.6104799
9132,0.6052775
9133,0.6102031
9134,0.60710466
9135,0.6078908
9136,0.6102206
9137,0.6117258
9138,0.6044085
9139,0.61029845
9140,0.611007
9141,0.61050075
9142,0.6103087
9143,0.6101068
9144,0.6105125
9145,0.6085488
9146,0.61062455
9147,0.60856676
9148,0.6100213
9149,0.6090559
9150,0.61020917
9151,0.6103717
9152,0.6081466
9153,0.6081861
9154,0.61035186
9155,0.6115443
9156,0.6070089
9157,0.610089
9158,0.6084589
9159,0.61104
9160,0.61131406
9161,0.6041864
9162,0.6101328
9163,0.60970706
9164,0.6052214
9165,0.6075392
9166,0.60765404
9167,0.605879
9168,0.6072431
9169,0.6114597
9170,0.6088695
9171,0.60882413
9172,0.6101777
9173,0.6117212
9174,0.61031777
9175,0.6055643
9176,0.60998815
9177,0.610387
9178,0.6071106
9179,0.61144334
9180,0.6106469
9181,0.6110985
9182,0.6072009
9183,0.6102684
9184,0.6103507
9185,0.6103047
9186,0.6102307
9187,0.6069359
9188,0.6064676
9189,0.6100471
9190,0.60520476
9191,0.6105565
9192,0.61019737
9193,0.6068195
9194,0.6102459
9195,0.6110104
9196,0.6103058
9197,0.61057615
9198,0.6113645
9199,0.6053191
9200,0.61063695
9201,0.6105586
9202,0.61137277
9203,0.6115656
9204,0.60743904
9205,0.6107686
9206,0.61016387
9207,0.61154276
9208,0.6085189
9209,0.610112
9210,0.61023885
9211,0.60863394
9212,0.6086002
9213,0.61011606
9214,0.6112512
9215,0.6078782
9216,0.6102749
9217,0.6053831
9218,0.61007196
9219,0.60876244
9220,0.6056609
9221,0.6100852
9222,0.6117225
9223,0.6089767
9224,0.6073899
9225,0.6101832
9226,0.61164594
9227,0.60740227
9228,0.6075458
9229,0.6075793
9230,0.60720503
9231,0.6099446
9232,0.6105811
9233,0.6104431
9234,0.6115294
9235,0.6105217
9236,0.60844916
9237,0.6080602
9238,0.6074278
9239,0.6067785
9240,0.6104507
9241,0.61012375
9242,0.6103986
9243,0.60923874
9244,0.61073315
9245,0.6100035
9246,0.61154574
9247,0.6071351
9248,0.6087543
9249,0.608001
9250,0.6101977
9251,0.6085727
9252,0.61012274
9253,0.6102184
9254,0.6057001
9255,0.60632247
9256,0.6072448
9257,0.6060982
9258,0.60548216
9259,0.60711277
9260,0.6061541
9261,0.6100183
9262,0.611507
9263,0.6057403
9264,0.60522443
9265,0.6102683
9266,0.6099637
9267,0.6105172
9268,0.6116101
9269,0.60750574
9270,0.60992736
9271,0.61040044
9272,0.6118691
9273,0.61101687
9274,0.6070557
9275,0.610045
9276,0.61057645
9277,0.6091533
9278,0.60694224
9279,0.60925955
9280,0.610323
9281,0.6082054
9282,0.60776716
9283,0.61047167
9284,0.61015743
9285,0.6074007
9286,0.61158663
9287,0.6079894
9288,0.6057279
9289,0.61156195
9290,0.60713905
9291,0.60828185
9292,0.60587573
9293,0.6090153
9294,0.61037624
9295,0.60752827
9296,0.61004776
9297,0.6103789
9298,0.60740757
9299,0.61003345
9300,0.61020404
9301,0.6094216
9302,0.61175597
9303,0.6099144
9304,0.6033342
9305,0.61097604
9306,0.60723865
9307,0.60953194
9308,0.61146474
9309,0.60751134
9310,0.6105233
9311,0.6115708
9312,0.61009574
9313,0.61153483
9314,0.611662
9315,0.6089788
9316,0.6058037
9317,0.6081566
9318,0.6115767
9319,0.60644937
9320,0.6103683
9321,0.6102581
9322,0.61162543
9323,0.6100494
9324,0.6117044
9325,0.6062775
9326,0.61037266
9327,0.6083736
9328,0.6116141
9329,0.60501266
9330,0.60849214
9331,0.6086108
9332,0.6071664
9333,0.6116872
9334,0.61004853
9335,0.61045164
9336,0.60761815
9337,0.6100899
9338,0.610023
9339,0.6105722
9340,0.6069795
9341,0.60574484
9342,0.60758233
9343,0.61022186
9344,0.61065614
9345,0.6115909
9346,0.6066212
9347,0.60776615
9348,0.6104462
9349,0.61098945
9350,0.61021364
9351,0.6114686
9352,0.6073417
9353,0.60734886
9354,0.6091488
9355,0.6102954
9356,0.610302
9357,0.6078724
9358,0.6114447
9359,0.61162853
9360,0.6103034
9361,0.6074468
9362,0.60420585
9363,0.6069584
9364,0.60752374
9365,0.60339403
9366,0.60716426
9367,0.6039605
9368,0.61045724
9369,0.610416
9370,0.6112253
9371,0.60731417
9372,0.61019313
9373,0.61009806
9374,0.6105886
9375,0.608059
9376,0.6071121
9377,0.61012244
9378,0.6103452
9379,0.60704535
9380,0.60781956
9381,0.6112428
9382,0.60736567
9383,0.61050373
9384,0.6106775
9385,0.6103606
9386,0.6081071
9387,0.6097164
9388,0.61040694
9389,0.607002
9390,0.6102685
9391,0.60901093
9392,0.608065
9393,0.6115109
9394,0.6103045
9395,0.61022115
9396,0.61142504
9397,0.60717916
9398,0.61065996
9399,0.60704595
9400,0.6099165
9401,0.6062491
9402,0.604066
9403,0.6078475
9404,0.6116695
9405,0.6076801
9406,0.6110525
9407,0.60959506
9408,0.6113496
9409,0.6103986
9410,0.6102747
9411,0.61149335
9412,0.6100411
9413,0.61165184
9414,0.6113594
9415,0.6116924
9416,0.60462093
9417,0.61057967
9418,0.6105665
9419,0.60769755
9420,0.6053153
9421,0.61107063
9422,0.6058718
9423,0.60879487
9424,0.61141086
9425,0.60931146
9426,0.6078593
9427,0.6103546
9428,0.6087959
9429,0.6072657
9430,0.6053603
9431,0.6105219
9432,0.6072096
9434,0.6114857
9435,0.6099786
9436,0.6083473
9437,0.61025494
9438,0.60538864
9439,0.60783494
9440,0.6106093
9441,0.6056505
9442,0.6076742
9443,0.61036557
9444,0.6071632
9445,0.6102089
9446,0.61006874
9447,0.61167103
9448,0.6071043
9449,0.60904515
9450,0.6101379
9451,0.6102702
9452,0.6070834
9453,0.6074277
9454,0.61144245
9455,0.6116351
9456,0.6116684
9457,0.60436094
9458,0.6070441
9459,0.60790646
9460,0.60993534
9461,0.6106041
9462,0.60613745
9463,0.61007184
9464,0.61161244
9465,0.61170983
9466,0.6101615
9467,0.60758567
9468,0.6104634
9469,0.6105162
9470,0.6074064
9471,0.611675
9472,0.6106253
9473,0.6045043
9474,0.6103816
9475,0.61140066
9476,0.6114178
9477,0.6102518
9478,0.60799503
9479,0.6101946
9480,0.61012006
9481,0.6102526
9482,0.6100394
9483,0.60982406
9484,0.60688066
9485,0.6053616
9486,0.61176884
9487,0.608135
9488,0.61161613
9489,0.6091511
9490,0.61168325
9491,0.6101281
9492,0.61107665
9493,0.6082503
9494,0.60712147
9495,0.6099456
9496,0.611226
9497,0.6072169
9498,0.61150926
9499,0.6116779
9500,0.6081619
9501,0.60793793
9502,0.610304
9503,0.6072264
9504,0.607196
9505,0.6081214
9506,0.60719943
9507,0.6087199
9508,0.6084481
9509,0.6111896
9510,0.6105997
9511,0.61000806
9512,0.6113058
9513,0.6089111
9514,0.61065644
9515,0.60896206
9516,0.61032486
9517,0.61014485
9518,0.6112561
9519,0.6104468
9520,0.6102024
9521,0.6071472
9522,0.60721225
9523,0.60348797
9524,0.61021405
9525,0.6060915
9526,0.60642904
9527,0.60904366
9528,0.6116139
9529,0.61051947
9530,0.6092597
9531,0.6101467
9532,0.61006016
9533,0.6101602
9534,0.6038648
9535,0.61074924
9536,0.6105525
9537,0.6116289
9538,0.607535
9539,0.60766554
9540,0.6115686
9541,0.6029173
9542,0.609935
9543,0.61018425
9544,0.6115537
9545,0.61145186
9546,0.6101059
9547,0.60731685
9548,0.61046773
9549,0.6102944
9550,0.60546774
9551,0.60440004
9552,0.6082082
9553,0.60770315
9554,0.6106386
9555,0.60692763
9556,0.6091418
9557,0.6104085
9558,0.6077653
9559,0.6081491
9560,0.6105418
9561,0.6075581
9562,0.60513574
9563,0.61029166
9564,0.61125773
9565,0.6115006
9566,0.6101942
9567,0.60593396
9568,0.61163867
9569,0.6053014
9570,0.60746366
9571,0.60597897
9572,0.61056644
9573,0.60722363
9574,0.60895026
9575,0.61029845
9576,0.6074233
9577,0.6116431
9578,0.60820246
9579,0.61140555
9580,0.6102543
9581,0.6116924
9582,0.61162275
9583,0.6115254
9584,0.606991
9585,0.6099502
9586,0.60994714
9587,0.6075201
9588,0.6076246
9589,0.60866755
9590,0.60744834
9591,0.6114848
9592,0.61129606
9593,0.61029273
9594,0.60879534
9595,0.60887283
9596,0.61077285
9597,0.6075749
9598,0.60738415
9599,0.6101703
9600,0.60749483
9601,0.6113628
9602,0.61014944
9603,0.60899436
9604,0.6104503
9605,0.610194
9606,0.6092041
9607,0.60687804
9608,0.6059112
9609,0.6101032
9610,0.60801375
9611,0.61013055
9612,0.61159664
9613,0.60902214
9614,0.60989875
9615,0.6084031
9616,0.61043626
9617,0.6079059
9618,0.60886985
9619,0.6085907
9620,0.6101817
9621,0.61112195
9622,0.607321
9623,0.61012113
9624,0.60599744
9625,0.605306
9626,0.6115487
9627,0.6104936
9628,0.6080985
9629,0.6110387
9630,0.6083968
9631,0.60846174
9632,0.61132044
9633,0.6101965
9634,0.6100107
9635,0.61020446
9636,0.60742927
9637,0.6116768
9638,0.60730374
9639,0.61030704
9640,0.606985
9641,0.60684806
9642,0.6073917
9643,0.6084554
9644,0.6106211
9645,0.6072618
9646,0.61158556
9647,0.6118237
9648,0.6063193
9649,0.6109168
9650,0.607422
9651,0.6106006
9652,0.6091435
9653,0.61168903
9654,0.6103554
9655,0.61138093
9656,0.61037666
9657,0.6102151
9658,0.60752606
9659,0.6035975
9660,0.60909855
9661,0.6104429
9662,0.61017543
9663,0.60715425
9664,0.6116528
9665,0.6100158
9666,0.6103864
9667,0.6081421
9668,0.61007994
9669,0.6083855
9670,0.6056174
9671,0.6099695
9672,0.6103414
9674,0.6092335
9675,0.6102604
9676,0.6101383
9677,0.6102267
9678,0.61147356
9679,0.6115449
9680,0.6101946
9681,0.6100897
9682,0.60740405
9683,0.60898787
9684,0.6104197
9685,0.6103172
9686,0.6102329
9687,0.610366
9688,0.610183
9689,0.60702705
9690,0.6114296
9691,0.6115302
9692,0.6100676
9693,0.6099657
9694,0.6102209
9695,0.61149615
9696,0.61171716
9697,0.6098982
9698,0.6081193
9699,0.6087688
9700,0.6095157
9701,0.610379
9702,0.60687906
9703,0.6116556
9704,0.6114642
9705,0.6097206
9706,0.6117661
9707,0.60914487
9708,0.610258
9709,0.60590774
9710,0.60805327
9711,0.6084298
9712,0.6101602
9713,0.6105542
9714,0.6081387
9715,0.6044516
9716,0.6114115
9717,0.60877746
9718,0.6106635
9719,0.6106136
9720,0.6101671
9721,0.61007756
9722,0.60716134
9723,0.60338384
9724,0.60500085
9725,0.61053395
9726,0.6083032
9727,0.608053
9728,0.6113014
9729,0.6106
9730,0.6080698
9731,0.60692185
9732,0.61016977
9733,0.60793537
9734,0.60780066
9735,0.6100379
9736,0.61113816
9737,0.6103146
9738,0.60911584
9739,0.60949695
9740,0.60719484
9741,0.60645866
9742,0.610276
9743,0.6046594
9744,0.60627407
9745,0.6105211
9746,0.6109504
9747,0.6116112
9748,0.606964
9749,0.61034745
9750,0.60309905
9751,0.6106435
9752,0.61052865
9753,0.60742146
9754,0.60798454
9755,0.6095821
9756,0.6098186
9757,0.61025846
9758,0.6116967
9759,0.60678464
9760,0.6116374
9761,0.6075767
9762,0.6092264
9763,0.61142063
9764,0.6070796
9765,0.610407
9766,0.6070637
9767,0.6089736
9768,0.6102681
9769,0.611636
9770,0.6103493
9771,0.60751253
9772,0.6101949
9773,0.6102291
9774,0.6092264
9775,0.6100088
9776,0.61013097
9777,0.6071213
9778,0.61003727
9779,0.6101275
9780,0.6083454
9781,0.60726005
9782,0.6110678
9783,0.6049948
9784,0.6091164
9785,0.610209
9786,0.6102661
9787,0.6073856
9788,0.60750294
9789,0.6086671
9790,0.61030763
9791,0.60561955
9792,0.60716486
9793,0.6102929
9794,0.6079165
9795,0.6072067
9796,0.6071217
9797,0.61038864
9798,0.6073271
9799,0.6079038
9800,0.6112816
9801,0.6076127
9802,0.6099917
9803,0.61052
9804,0.61020464
9805,0.6071298
9806,0.6102036
9807,0.6116948
9808,0.6100381
9809,0.6109549
9810,0.61085606
9811,0.60568035
9812,0.60830235
9813,0.6081348
9814,0.6101056
9815,0.61023414
9816,0.60807556
9817,0.6105908
9818,0.60970056
9819,0.6072468
9820,0.60448676
9821,0.6064986
9822,0.60487634
9823,0.61030483
9824,0.6074461
9825,0.6116971
9826,0.61167854
9827,0.61122423
9828,0.60855156
9829,0.60818297
9830,0.6063811
9831,0.6079781
9832,0.60845894
9833,0.6055467
9834,0.6114636
9835,0.6103422
9836,0.607106
9837,0.61178386
9838,0.60839784
9839,0.6102574
9840,0.6114324
9841,0.60525674
9842,0.61006695
9843,0.60800505
9844,0.60698986
9845,0.6102873
9846,0.60869753
9847,0.60653013
9848,0.61045176
9849,0.61050916
9850,0.61045176
9851,0.61020315
9852,0.60938007
9853,0.61027384
9854,0.6100078
9855,0.60745335
9856,0.6050582
9857,0.6115179
9858,0.609977
9859,0.6077797
9860,0.6094495
9861,0.6036075
9862,0.61174345
9863,0.61012626
9864,0.6104793
9865,0.6082438
9866,0.6099401
9867,0.61145824
9868,0.60709673
9869,0.61013895
9870,0.6018426
9871,0.6115839
9872,0.6084015
9873,0.6053275
9874,0.6070454
9875,0.6092079
9876,0.6099508
9877,0.6100192
9878,0.60749763
9879,0.6100602
9880,0.60744154
9881,0.6109041
9882,0.61048657
9883,0.6103634
9884,0.60861474
9885,0.6114319
9886,0.61024415
9887,0.61142296
9888,0.61027765
9889,0.61028135
9890,0.6101883
9891,0.6106353
9892,0.6103139
9893,0.6077384
9894,0.6069955
9895,0.61023
9896,0.6103263
9897,0.61012113
9898,0.60710794
9899,0.6071093
9900,0.6107977
9901,0.6079096
9902,0.6098972
9903,0.60851175
9904,0.60963285
9905,0.60998696
9906,0.607987
9907,0.6072939
9908,0.61056554
9909,0.60815644
9910,0.61098874
9911,0.60546654
9912,0.60783815
9913,0.6117077
9914,0.60562295
9915,0.61140996
9916,0.6116193
9917,0.6067357
9918,0.6101296
9919,0.60439146
9920,0.60737973
9921,0.6101734
9922,0.611305
9923,0.60999525
9924,0.61019576
9925,0.6087585
9926,0.61062163
9927,0.6046767
9928,0.6057282
9929,0.61043745
9930,0.6102377
9931,0.61007196
9932,0.6079911
9933,0.610547
9934,0.60792524
9935,0.609027
9936,0.61146206
9937,0.6064495
9938,0.60738105
9939,0.6078287
9940,0.6068941
9941,0.6101039
9942,0.60582954
9943,0.6111613
9944,0.6115757
9945,0.61037815
9946,0.610418
9947,0.61040777
9948,0.61059284
9949,0.6069525
9950,0.6104416
9951,0.6105465
9952,0.6094886
9953,0.6083025
9954,0.607496
9955,0.6113586
9956,0.61062026
9957,0.60835737
9958,0.60310745
9959,0.61024517
9960,0.6104551
9961,0.6075646
9962,0.6074158
9963,0.6091283
9964,0.6052706
9965,0.61048406
9966,0.6112892
9967,0.60884494
9968,0.60864866
9969,0.60813916
9970,0.6113034
9971,0.6102857
9972,0.6109685
9973,0.6114501
9974,0.61155593
9975,0.60905796
9976,0.6053926
9977,0.61159086
9978,0.6116693
9979,0.6072209
9980,0.6102143
9981,0.6054515
9982,0.60733306
9983,0.61018264
9984,0.61014444
9985,0.6115526
9986,0.6054669
9987,0.61003447
9988,0.6077982
9989,0.6101059
9990,0.6108762
9991,0.6042083
9992,0.6116258
9993,0.6106818
9994,0.6102459
9995,0.6084177
9996,0.61169386
9997,0.6100516
9998,0.6112771
9999,0.60491824
10000,0.6116149
10001,0.6101077
10002,0.60898244
10003,0.60840994
10004,0.6062439
10005,0.6108522
10006,0.6070214
10007,0.61017334
10008,0.6102532
10009,0.6104853
10010,0.6102292
10011,0.61015487
10012,0.607395
10013,0.60930836
10014,0.61151594
10015,0.60726035
10016,0.60784477
10017,0.6114079
10018,0.6112798
10019,0.61018276
10020,0.6074672
10021,0.6103609
10022,0.61000097
10023,0.6101317
10024,0.6103455
10025,0.60509205
10026,0.60717195
10027,0.6078815
10028,0.6104177
10029,0.6102478
10030,0.6118336
10031,0.608601
10032,0.60446733
10033,0.6101991
10034,0.60851294
10035,0.6114451
10036,0.61008245
10037,0.6073488
10038,0.6102377
10039,0.60724276
10040,0.605981
10041,0.6115171
10042,0.6113907
10043,0.6073201
10044,0.6099654
10045,0.61131734
10046,0.61025065
10047,0.6078046
10048,0.607456
10049,0.6114856
10050,0.60799205
10051,0.60999125
10052,0.61123574
10053,0.610442
10054,0.60502744
10055,0.6102579
10056,0.6102177
10057,0.6021278
10058,0.6118548
10059,0.6104713
10060,0.6082687
10061,0.6115318
10062,0.6117388
10063,0.60903037
10064,0.6099848
10065,0.6077666
10066,0.6081407
10067,0.61154974
10068,0.60532266
10069,0.61008203
10070,0.60999477
10071,0.6114276
10072,0.6076599
10073,0.6100539
10074,0.6102405
10075,0.6091461
10076,0.6103308
10077,0.611554
10078,0.60772264
10079,0.61066365
10080,0.61046886
10081,0.61043376
10082,0.6077927
10083,0.60849035
10084,0.60676944
10085,0.6104821
10086,0.6102312
10087,0.61043644
10088,0.60962856
10089,0.6115136
10090,0.6066017
10091,0.60687554
10092,0.60628796
10093,0.609468
10094,0.6114703
10095,0.60803443
10096,0.6104425
10097,0.6089844
10098,0.6078805
10099,0.60710406
10100,0.6104098
10101,0.6081246
10102,0.6109891
10103,0.61017174
10104,0.6105315
10105,0.608473
10106,0.61150885
10107,0.6101882
10108,0.60534936
10109,0.6089582
10110,0.61046773
10111,0.6117339
10112,0.61030596
10113,0.6099976
10114,0.61007434
10115,0.61068475
10116,0.6114591
10117,0.6102915
10118,0.6072996
10119,0.6117924
10120,0.6078004
10121,0.6048731
10122,0.6073117
10123,0.61158305
10124,0.6100774
10125,0.6112579
10126,0.6116042
10127,0.6090693
10128,0.61129373
10129,0.61018205
10130,0.6115411
10131,0.6118054
10132,0.605775
10133,0.61033314
10134,0.604066
10135,0.6093591
10136,0.60442734
10137,0.6113315
10138,0.611681
10139,0.606822
10140,0.6099739
10141,0.6073496
10142,0.60347116
10143,0.6101389
10144,0.6070155
10146,0.6098419
10147,0.612001
10148,0.6072232
10149,0.6100876
10150,0.6067153
10151,0.60946083
10152,0.6087611
10154,0.60736775
10155,0.6085206
10156,0.61103237
10157,0.6069017
10158,0.6031868
10159,0.60713506
10160,0.60605365
10161,0.6099177
10162,0.60784286
10163,0.6082409
10164,0.61132175
10165,0.6102706
10166,0.6073148
10167,0.6103097
10168,0.6116877
10169,0.60771084
10170,0.60671973
10171,0.6105076
10172,0.6080917
10173,0.60702074
10174,0.6102441
10175,0.6114022
10176,0.61012596
10177,0.61156195
10178,0.6089027
10179,0.6102645
10180,0.6113704
10181,0.6091515
10182,0.6114883
10183,0.61070526
10184,0.6073668
10185,0.60830796
10186,0.6107346
10187,0.6082988
10188,0.60782975
10189,0.6080087
10190,0.6104423
10191,0.6083365
10192,0.6104046
10193,0.61155224
10194,0.6112646
10195,0.6113862
10196,0.6100796
10197,0.60721534
10198,0.60875607
10199,0.6114111
10200,0.6059952
10201,0.6084606
10202,0.61147815
10203,0.6051331
10204,0.6092223
10205,0.60595953
10206,0.6115006
10207,0.60792255
10208,0.60574335
10209,0.6101801
10210,0.61140805
10211,0.60848397
10212,0.61026114
10213,0.6100162
10214,0.6080504
10215,0.6088754
10216,0.6095691
10217,0.6104043
10218,0.61024886
10219,0.607296
10220,0.61000794
10221,0.6086421
10222,0.6113987
10223,0.6077468
10224,0.6071425
10225,0.6104531
10226,0.6104113
10227,0.6071432
10228,0.60580105
10229,0.60862994
10230,0.61003095
10231,0.610118
10232,0.611605
10233,0.61014193
10234,0.609949
10235,0.6105063
10236,0.6048131
10237,0.608105
10238,0.6116105
10239,0.60798645
10240,0.6101326
10241,0.611443
10242,0.6100114
10243,0.6074138
10244,0.6103409
10245,0.61023283
10246,0.6106394
10247,0.6105657
10248,0.61159784
10249,0.6070441
10250,0.6072068
10251,0.60893935
10252,0.6117235
10253,0.6102242
10254,0.6115866
10255,0.61158127
10256,0.61158013
10257,0.6113311
10258,0.6059793
10259,0.61153877
10260,0.6100086
10261,0.6102947
10262,0.61147475
10263,0.6105671
10264,0.6056028
10265,0.6088563
10266,0.6074322
10267,0.60888374
10268,0.6115608
10269,0.6114513
10270,0.6069575
10271,0.6090578
10272,0.61037207
10273,0.6072047
10274,0.6105557
10275,0.608926
10276,0.60803765
10277,0.60929066
10278,0.6080297
10279,0.607093
10280,0.60934424
10281,0.6051325
10282,0.6115397
10283,0.6079016
10284,0.60476196
10285,0.6116436
10286,0.6091486
10287,0.61018884
10288,0.60840094
10289,0.61142707
10290,0.6069121
10291,0.60703665
10292,0.6112046
10293,0.6046534
10294,0.61053014
10295,0.6105128
10296,0.61022776
10297,0.61155754
10298,0.6057234
10299,0.6101602
10300,0.61027855
10301,0.6114871
10302,0.60868835
10303,0.60810405
10304,0.6106892
10305,0.60561264
10306,0.6099778
10307,0.6084206
10308,0.60572046
10309,0.61034125
10310,0.6105411
10311,0.6115569
10312,0.6115598
10313,0.6113221
10314,0.61051124
10315,0.61026406
10316,0.6102412
10317,0.6104242
10318,0.6075239
10319,0.60886943
10320,0.60596985
10321,0.6051666
10322,0.6107093
10323,0.6058029
10324,0.6106053
10325,0.6072493
10326,0.6101485
10327,0.60649115
10328,0.61163193
10329,0.6112229
10330,0.61023265
10331,0.6118467
10332,0.60696214
10333,0.610223
10334,0.6109031
10335,0.6090111
10336,0.6075102
10337,0.6107403
10338,0.60578823
10339,0.61018485
10340,0.6102868
10341,0.6100556
10342,0.6100846
10343,0.6106071
10344,0.6083987
10345,0.6103368
10346,0.61044896
10347,0.6112084
10348,0.6115598
10349,0.6100758
10350,0.6050388
10351,0.6090295
10352,0.6109925
10353,0.6114469
10354,0.60759956
10355,0.61151195
10356,0.608618
10357,0.6094601
10358,0.6101783
10359,0.61154634
10360,0.6115197
10361,0.6048177
10362,0.6101633
10363,0.6100924
10364,0.6115343
10365,0.6115064
10366,0.60706735
10367,0.60915715
10368,0.60309184
10369,0.61142015
10370,0.6105612
10371,0.6119856
10372,0.6056913
10373,0.6100772
10374,0.6115296
10375,0.60838956
10376,0.61162496
10377,0.6073441
10378,0.6105163
10379,0.6092515
10380,0.61111546
10381,0.6068651
10382,0.60738486
10383,0.6114192
10384,0.61136985
10385,0.6117959
10386,0.6081643
10387,0.6074733
10388,0.61038184
10389,0.60774213
10390,0.6101445
10391,0.6100674
10392,0.6057566
10393,0.60984457
10394,0.61165
10395,0.60378504
10396,0.6078159
10397,0.6081635
10398,0.61137706
10399,0.60727715
10400,0.61145216
10401,0.6101733
10402,0.6104761
10403,0.6103881
10404,0.609401
10405,0.6115977
10406,0.6110877
10407,0.60579515
10408,0.6101465
10409,0.60606647
10410,0.6069805
10411,0.60636336
10412,0.6078521
10413,0.61170137
10414,0.6099486
10415,0.611533
10416,0.6093273
10417,0.60697985
10418,0.60839444
10420,0.60691106
10421,0.6102029
10422,0.60594296
10423,0.61057335
10424,0.60943097
10425,0.60723746
10426,0.61021256
10427,0.60798955
10428,0.6081977
10429,0.6088051
10430,0.6083974
10431,0.61036235
10432,0.6100983
10433,0.6114948
10434,0.6092681
10435,0.61019516
10436,0.6061519
10437,0.61167514
10438,0.6116148
10439,0.6100563
10440,0.61017615
10441,0.6070229
10442,0.61008793
10443,0.6101123
10444,0.6081077
10445,0.6112082
10446,0.6084686
10447,0.6084703
10448,0.6102973
10449,0.611403
10450,0.60444504
10451,0.60822415
10452,0.60819405
10453,0.60800344
10454,0.6116326
10455,0.60708356
10456,0.6110289
10457,0.6101081
10458,0.6100393
10459,0.61164075
10460,0.61150277
10461,0.60725427
10462,0.61013126
10463,0.61023706
10464,0.6102362
10465,0.6080463
10466,0.60814995
10467,0.6069191
10468,0.6101873
10469,0.6100655
10470,0.6102993
10471,0.6108537
10472,0.6116597
10473,0.6044618
10474,0.60347307
10475,0.6052591
10476,0.6102169
10477,0.60559285
10478,0.61147624
10479,0.6075676
10480,0.611622
10481,0.6101669
10482,0.61165327
10483,0.60746896
10484,0.60809857
10485,0.6070682
10486,0.61162907
10487,0.605777
10488,0.61020726
10489,0.6112732
10490,0.6116465
10491,0.60708773
10492,0.610204
10493,0.60701996
10494,0.6067784
10495,0.6101993
10496,0.6103672
10497,0.60618186
10498,0.60731435
10499,0.6101018
10500,0.6115874
10501,0.6106429
10502,0.61025405
10503,0.6084558
10504,0.60307056
10505,0.60847104
10506,0.6114303
10507,0.60713375
10508,0.6066193
10509,0.61001223
10510,0.60872316
10511,0.61050725
10512,0.61060274
10513,0.61036646
10514,0.6113661
10515,0.6082922
10517,0.60957396
10518,0.6092076
10519,0.6079243
10520,0.6077311
10521,0.6070346
10522,0.6057055
10523,0.60746735
10524,0.60717285
10525,0.60745823
10526,0.6069755
10527,0.6116084
10528,0.6087708
10529,0.6073884
10530,0.60728925
10531,0.6115435
10532,0.6080371
10533,0.61152077
10535,0.6115657
10536,0.6064536
10537,0.6101071
10538,0.6115596
10539,0.604335
10540,0.6079738
10541,0.6100312
10542,0.60740405
10543,0.6105934
10544,0.61166316
10545,0.6055244
10546,0.6108759
10547,0.6051957
10548,0.6088664
10549,0.61014366
10550,0.6101488
10551,0.6069557
10552,0.60983163
10553,0.6082552
10554,0.60720223
10555,0.6073011
10556,0.6107241
10557,0.60674554
10558,0.6097055
10559,0.60662395
10560,0.61031574
10561,0.60999584
10562,0.6114367
10563,0.6105601
10564,0.6091032
10565,0.6098957
10566,0.6100471
10567,0.61132145
10568,0.6081387
10569,0.6114488
10570,0.6080962
10571,0.6115618
10572,0.60796005
10573,0.60707426
10574,0.61097014
10575,0.6073023
10576,0.6073963
10577,0.6102498
10578,0.6059
10579,0.6104579
10580,0.6057906
10581,0.61017686
10582,0.6113595
10584,0.6104282
10585,0.61158603
10586,0.61063826
10587,0.6116689
10588,0.60796213
10589,0.6056581
10590,0.6102256
10591,0.61113745
10592,0.60906774
10593,0.6116725
10594,0.61141825
10595,0.60608596
10596,0.6109589
10597,0.6103058
10598,0.61014026
10599,0.6039418
10600,0.6114525
10601,0.61016136
10602,0.6094358
10603,0.6069313
10604,0.605879
10605,0.6098236
10606,0.6116987
10607,0.610591
10608,0.61171347
10609,0.6067372
10610,0.60748214
10611,0.61033964
10612,0.60546637
10613,0.60807246
10614,0.6050865
10615,0.6081767
10616,0.6072363
10617,0.6116605
10618,0.6103245
10619,0.60721743
10620,0.6087871
10621,0.61166304
10622,0.61018133
10623,0.6105614
10624,0.61016345
10625,0.6105416
10626,0.6090093
10627,0.6100532
10628,0.6076108
10629,0.6116243
10630,0.60824186
10631,0.6073238
10632,0.6101077
10633,0.6101207
10634,0.6080486
10635,0.6077526
10636,0.6102338
10637,0.6101113
10638,0.61126584
10639,0.60702175
10640,0.6102749
10641,0.6115188
10642,0.60695636
11827,0.6102125
11828,0.61056113
11829,0.6071476
11830,0.61119133
11831,0.6070251
11832,0.60773027
11833,0.6090963
11834,0.60685784
11835,0.6086952
11836,0.6081431
11837,0.61096466
11838,0.611288
11839,0.61115634
11840,0.6114213
11841,0.6091451
11842,0.6098825
11843,0.60605276
11844,0.60845757
11845,0.61025524
11846,0.6093125
11847,0.60632294
11848,0.61098576
11849,0.61038935
11850,0.60620815
11851,0.6093449
11852,0.6096947
11853,0.60891545
11854,0.6109763
11855,0.608206
11856,0.60574794
11857,0.60710245
11858,0.60642177
11859,0.609384
11860,0.6083424
11861,0.607787
11862,0.606424
11863,0.6081603
11864,0.6096226
11865,0.6082698
11866,0.60867345
11867,0.60888475
11868,0.6064519
11869,0.6069137
11870,0.6094818
11871,0.6109657
11872,0.60780853
11873,0.608005
11874,0.60803705
11875,0.6077452
11876,0.60886836
11877,0.6086748
11878,0.6105231
11879,0.6087439
11880,0.61078334
11881,0.60693264
11882,0.60808754
11883,0.60840344
11884,0.6081311
11885,0.609461
11886,0.6084478
11887,0.6088189
11888,0.610876
11889,0.6091067
11890,0.60906374
11891,0.60821813
11892,0.6089848
11893,0.60797334
11894,0.6098297
11895,0.6070247
11896,0.6082588
11897,0.6067297
11898,0.6078494
11899,0.6072972
11900,0.6083474
11901,0.60867923
11902,0.6108687
11903,0.6106735
11904,0.6081932
11905,0.606931
11906,0.6055004
11907,0.60889775
11908,0.6061298
11909,0.6088113
11910,0.61110777
11911,0.608314
11912,0.60863435
11913,0.60944027
11914,0.61106837
11915,0.6090149
11916,0.6081549
11917,0.6098718
11918,0.60873634
11919,0.6110242
11920,0.60736734
11921,0.60696363
11922,0.6091473
11923,0.6103404
11924,0.6091431
11925,0.60900766
11926,0.61139274
11927,0.60869306
11928,0.6084742
11929,0.6098316
11930,0.6087978
11931,0.6064792
11932,0.60882646
11933,0.6078175
11934,0.60813713
11935,0.6108107
11936,0.6104974
11937,0.6087087
11938,0.60827774
11939,0.60804546
11940,0.6095775
11941,0.60736847
11942,0.60810155
11943,0.6076947
11944,0.6086774
11945,0.60859126
11946,0.6080212
11947,0.6096371
11948,0.6086504
11949,0.6071654
11950,0.61109805
11951,0.60744464
11952,0.6108333
11953,0.61091393
11954,0.6084853
11955,0.6108315
11956,0.6100753
11957,0.6054431
11958,0.6086849
11959,0.61080354
11960,0.6081
11961,0.6110168
11962,0.60715866
11963,0.60847354
11964,0.6084714
11965,0.6072717
11966,0.61130154
11967,0.6086136
11968,0.6093735
11969,0.6090348
11970,0.6080285
11971,0.61075014
11972,0.60700864
11973,0.6106634
11974,0.60937697
11975,0.60359
11976,0.6107505
11977,0.6107918
11978,0.60867035
11979,0.60787207
11980,0.60747856
11981,0.60970616
11982,0.6091401
11983,0.61092085
11984,0.6089355
11985,0.6052897
11986,0.6077285
11987,0.6098324
11988,0.6082439
11989,0.610703
11990,0.6062911
11991,0.60846853
11992,0.6088736
11993,0.6108052
11994,0.6092083
11995,0.6108753
11996,0.6102267
11997,0.607985
11998,0.6107073
11999,0.605851
12000,0.6103498
12001,0.60893047
12002,0.6109004
12003,0.609386
12004,0.6091922
12005,0.6074825
12006,0.61127394
12007,0.6064304
12008,0.60746086
12009,0.6087713
12010,0.6101861
12011,0.6087072
12012,0.6103271
12013,0.61102515
12014,0.6086773
12015,0.60906196
12016,0.6086469
12017,0.6110573
12018,0.6081933
12019,0.6096554
12020,0.60836905
12021,0.6070593
12022,0.60952795
12023,0.611067
12024,0.6079377
12025,0.60929364
12026,0.61047024
12027,0.60927296
12028,0.6063142
12029,0.6091958
12030,0.6074775
12031,0.605325
12032,0.61118776
12033,0.60844326
12034,0.6082375
12035,0.608873
12036,0.61157984
12037,0.60705847
12038,0.60968494
12039,0.6090128
12040,0.611107
12041,0.61097986
12042,0.60654956
12043,0.61101866
12044,0.60794413
12045,0.60900056
12046,0.61087275
12047,0.61129755
12048,0.6089144
12049,0.6056871
12050,0.6117118
12051,0.6091346
12052,0.60491896
12053,0.6116507
12054,0.6078533
12055,0.6089994
12056,0.6078278
12057,0.61102414
12058,0.6087009
12059,0.60909426
12060,0.6083083
12061,0.6091491
12062,0.6069431
12063,0.6104345
12064,0.60841703
12065,0.61071104
12066,0.61177945
12067,0.608911
12068,0.60850716
12069,0.6086212
12070,0.60929185
12071,0.6084459
12072,0.6080002
12073,0.60865486
12074,0.60862476
12075,0.6071187
12076,0.6090187
12077,0.60852367
12078,0.6109898
12079,0.6082997
12080,0.604965
12081,0.6080168
12082,0.60891354
12083,0.6108611
12084,0.6074738
12085,0.6076817
12086,0.6087734
12087,0.61096096
12088,0.6097919
12089,0.6109594
12090,0.60541975
12091,0.6077391
12092,0.6116886
12093,0.6090967
12094,0.60883635
12095,0.610905
12096,0.6108734
12097,0.6110296
12098,0.6109911
12099,0.6076808
12100,0.6053786
12101,0.6051477
12102,0.6057433
12103,0.6073477
12104,0.6094206
12105,0.6074503
12106,0.6083676
12107,0.60915464
12108,0.60760003
12109,0.6081338
12110,0.6059387
12111,0.61104435
12112,0.604422
12113,0.6110587
12114,0.60909516
12115,0.61092806
12116,0.6080994
12117,0.60871947
12118,0.6092785
12119,0.60959303
12120,0.60764146
12121,0.6110482
12122,0.60950494
12123,0.6097444
12124,0.6094907
12125,0.60566694
12126,0.60853356
12127,0.60573184
12128,0.6053368
12129,0.6085788
12130,0.6085746
12131,0.608387
12132,0.60835904
12133,0.6092815
12134,0.6097521
12135,0.6110711
12136,0.6109192
12137,0.6087481
12138,0.60848624
12139,0.6047725
12140,0.60961336
12141,0.6069756
12142,0.6082995
12143,0.61070424
12144,0.60620075
12145,0.61055005
12146,0.6089225
12147,0.60698193
12148,0.6087727
12149,0.6107707
12150,0.60780436
12151,0.60837984
12152,0.60817933
12153,0.61089826
12154,0.6056002
12155,0.608148
12156,0.60587114
12157,0.6076068
12158,0.607965
12159,0.60669607
12160,0.60735995
12161,0.60886484
12162,0.608954
12163,0.6087345
12164,0.6075505
12165,0.608971
12166,0.6100339
12167,0.6110781
12168,0.6107786
12169,0.6109094
12170,0.60562414
12171,0.608988
12172,0.61086726
12173,0.6105448
12174,0.6106897
12175,0.6097524
12176,0.6111804
12177,0.60890424
12178,0.60902554
12179,0.6058273
12180,0.60889363
12181,0.6061775
12182,0.60872525
12183,0.61122113
12184,0.60794586
12185,0.60807574
12186,0.6093103
12187,0.60997874
12188,0.6064566
12189,0.61086863
12190,0.6114786
12191,0.6080552
12192,0.6109447
12193,0.60921454
12194,0.60901386
12195,0.60858744
12196,0.60980666
12197,0.60891473
12198,0.60916954
12199,0.6088651
12200,0.6086277
12201,0.60765487
12202,0.61096
12203,0.61006683
12204,0.60907036
12205,0.6073997
12206,0.60922295
12207,0.6081398
12208,0.60893667
12209,0.6084643
12210,0.6084472
12211,0.60790867
12212,0.60813075
12213,0.6048404
12214,0.6108231
12215,0.6111898
12216,0.60623455
12217,0.6097337
12218,0.6084777
12219,0.6078634
12220,0.60972416
12221,0.60731554
12222,0.61090183
12223,0.6100619
12224,0.60793436
12225,0.60870117
12226,0.60788935
12227,0.61064523
12228,0.607176
12229,0.6088841
12230,0.6068514
12231,0.6078086
12232,0.60788846
12233,0.6084736
12234,0.6110264
12235,0.60802644
12236,0.60736954
12237,0.6086725
12238,0.6111373
12239,0.60998106
12240,0.6062559
12241,0.60521024
12242,0.6083387
12243,0.60827804
12244,0.60852224
12245,0.6116204
12246,0.609447
12247,0.6083445
12248,0.6103898
12249,0.6107352
12250,0.6091531
12251,0.6086849
12252,0.60864055
12253,0.6071325
12254,0.6108787
12255,0.61022764
12256,0.6054535
12257,0.60614914
12258,0.6108107
12259,0.6088617
12260,0.60889107
12261,0.6077204
12262,0.6091337
12263,0.6085849
12264,0.6106992
12265,0.6093252
12266,0.6098166
12267,0.60888964
12268,0.6092074
12269,0.6084706
12270,0.60867023
12271,0.6108771
12272,0.6090948
12273,0.6060536
12274,0.6111712
12275,0.6110688
12276,0.60577065
12277,0.60893553
12278,0.6083853
12279,0.6087447
12280,0.6101831
12281,0.60826457
12282,0.6086313
12283,0.6090112
12284,0.6096603
12285,0.6087831
12286,0.61075926
12287,0.60680574
12288,0.6088514
12289,0.61093044
12290,0.60807
12291,0.60826457
12292,0.60883325
12293,0.6087002
12294,0.6112599
12295,0.6081328
12296,0.60734534
12297,0.6103571
12298,0.6089204
12299,0.60856813
12300,0.60902375
12301,0.61139613
12302,0.6099484
12303,0.6073834
12304,0.61102617
12305,0.6081735
12306,0.6087054
12307,0.608851
12308,0.6090451
12309,0.60856915
12310,0.60864663
12311,0.6083916
12312,0.6095285
12313,0.6088835
12314,0.60897917
12315,0.6074597
12316,0.6088964
12317,0.61169195
12318,0.605436
12319,0.60897267
12320,0.6089496
12321,0.6094743
12322,0.6110322
12323,0.6064579
12324,0.6070896
12325,0.6109322
12326,0.609084
12327,0.6082813
12328,0.6095427
12329,0.60918295
12330,0.6091132
12331,0.6110051
12332,0.6115918
12333,0.6087872
12334,0.6086336
12335,0.60930467
12336,0.61087936
12337,0.60904187
12338,0.6091526
12339,0.6066762
12340,0.60832924
12341,0.608814
12342,0.6110736
12343,0.60810924
12344,0.61078984
12345,0.6115319
12346,0.6086251
12347,0.6062171
12348,0.6089777
12349,0.60954434
12350,0.6093298
12351,0.60686874
12352,0.6109082
12353,0.60813296
12354,0.60898805
12355,0.60711133
12356,0.6105666
12357,0.6072142
12358,0.6109303
12359,0.60842633
12360,0.60534143
12361,0.6090489
12362,0.6113797
12363,0.6072913
12364,0.60812426
12365,0.6059244
12366,0.61054933
12367,0.6073137
12368,0.60862845
12369,0.60953647
12370,0.60813034
12371,0.60857105
12372,0.6081018
12373,0.6057753
12374,0.60784453
12375,0.6088733
12376,0.6085751
12377,0.608715
12378,0.6111417
12379,0.6102264
12380,0.6109975
12381,0.60941404
12382,0.6087672
12383,0.6076934
12384,0.60794264
12385,0.6085784
12386,0.6089077
12387,0.60513353
12388,0.6076756
12389,0.60894036
12390,0.6099489
12391,0.6090384
12392,0.60898185
12393,0.60669994
12394,0.609126
12395,0.608774
12396,0.6086673
12397,0.60893464
12398,0.6105358
12399,0.6101521
12400,0.6089906
12401,0.6110357
12402,0.6101977
12403,0.60575503
12404,0.6055823
12405,0.60790336
12406,0.60874754
12407,0.6093183
12408,0.60688406
12409,0.6088298
12410,0.6110326
12411,0.6074544
12412,0.60877556
12413,0.6099031
12414,0.6117055
12415,0.6084068
12416,0.6090926
12417,0.6079835
12418,0.60967207
12419,0.60935426
12420,0.60646087
12421,0.6088133
12422,0.60656536
12423,0.608351
12424,0.6087161
12425,0.60845125
12426,0.60892165
12427,0.60919607
12428,0.6088831
12429,0.60837376
12430,0.60705477
12431,0.60885704
12432,0.6066439
12433,0.6088383
12434,0.6089301
12435,0.6116427
12436,0.6095946
12437,0.60931516
12438,0.6095162
12439,0.608465
12440,0.606047
12441,0.6086838
12442,0.60896266
12443,0.61086434
12444,0.6074096
12445,0.61122096
12446,0.60612094
12447,0.608853
12448,0.6055659
12449,0.6079683
12450,0.606741
12451,0.6110245
12452,0.61065793
12453,0.6118753
12454,0.60587
12455,0.6087157
12456,0.6090421
12457,0.607644
12458,0.60712296
12459,0.60785985
12460,0.60945046
12461,0.61077905
12462,0.60581744
12463,0.6101817
12464,0.6092403
12465,0.61091727
12466,0.6075274
12467,0.60651666
12468,0.6081532
12469,0.61077327
12470,0.6081763
12471,0.6093287
12472,0.61185163
12473,0.60924095
12474,0.6085564
12475,0.6107726
12476,0.6094643
12477,0.6096853
12478,0.6079999
12479,0.6053627
12480,0.61174107
12481,0.6072817
12482,0.60837525
12483,0.6084586
12484,0.6104884
12485,0.6107507
12486,0.61110646
12487,0.6103567
12488,0.6086805
12489,0.6054163
12490,0.6092257
12491,0.6088757
12492,0.6095111
12493,0.6096337
12494,0.6071658
12495,0.6100154
12496,0.61085117
12497,0.60593736
12498,0.60915196
12499,0.6087697
12500,0.6070572
12501,0.60689014
12502,0.60867685
12503,0.6102773
12504,0.6096421
12505,0.60564023
12506,0.61061925
12507,0.6091825
12508,0.6097697
12509,0.6082761
12510,0.6090869
12511,0.60949874
12512,0.6081276
12513,0.6083793
12514,0.6051734
12515,0.6089996
12516,0.60746485
12517,0.60582536
12518,0.60639596
12519,0.60928446
12520,0.6088375
12521,0.61064094
12522,0.60820615
12523,0.6074721
12524,0.60884917
12525,0.6079058
12526,0.611755
12527,0.610971
12528,0.6088636
12529,0.60841155
12530,0.608172
12531,0.6081005
12532,0.60693485
12533,0.6088395
12534,0.60927147
12535,0.6059243
12536,0.607959
12537,0.60856
12538,0.6075562
12539,0.6089184
12540,0.60893726
12541,0.6091488
12542,0.61091506
12543,0.60912484
12544,0.6072731
12545,0.60725343
12546,0.6111413
12547,0.6110266
12548,0.60902715
12549,0.6101117
12550,0.6091789
12551,0.6091272
12552,0.6109771
12553,0.6081693
12554,0.6111964
12555,0.6088942
12556,0.60859364
12557,0.60772735
12558,0.6110922
12559,0.6111018
12560,0.6094239
12561,0.6108103
12562,0.6110392
12563,0.6085531
12564,0.60905915
12565,0.6104418
12566,0.61096126
12567,0.60907
12568,0.60881174
12569,0.6096141
12570,0.6104434
12571,0.6108733
12572,0.6106993
12573,0.6089001
12574,0.605902
12575,0.6096695
12576,0.611075
12577,0.61122644
12578,0.6110206
12579,0.6084245
12580,0.6120419
12581,0.60888493
12582,0.6104668
12583,0.6087759
12584,0.60820425
12585,0.6088191
12586,0.6101558
12587,0.606537
12588,0.611435
12589,0.60677266
12590,0.60810447
12591,0.6115672
12592,0.6109585
12593,0.61096615
12594,0.60954595
12595,0.61118096
12596,0.610181
12597,0.6077096
12598,0.61092025
12599,0.60892916
12600,0.6096996
12601,0.6111008
12602,0.61108774
12603,0.6109438
12604,0.61080384
12605,0.60858333
12606,0.61099434
12607,0.6062515
12608,0.608221
12609,0.6079714
12610,0.60933715
12611,0.6094094
12612,0.6085178
12613,0.60860014
12614,0.60969204
12615,0.60905796
12616,0.6091623
12617,0.60941166
12618,0.6088157
12619,0.6056605
12620,0.609133
12621,0.61135656
12622,0.6071412
12623,0.60922664
12624,0.6094654
12625,0.61123407
12626,0.60798776
12627,0.60935956
12628,0.60905516
12629,0.61097765
12630,0.611368
12631,0.60813576
12632,0.6081719
12633,0.6080987
12634,0.60867435
12635,0.6112095
12636,0.6110077
12637,0.608727
12638,0.60889786
12639,0.60655254
12640,0.61088264
12641,0.60881805
12642,0.6109089
12643,0.6088014
12644,0.6080721
12645,0.6069221
12646,0.60984915
12647,0.6096106
12648,0.60877556
12649,0.6086949
12650,0.60762835
12651,0.6088466
12652,0.61082274
12653,0.60905975
12654,0.60914356
12655,0.61052555
12656,0.6065514
12657,0.609415
12658,0.6088004
12659,0.60922086
12660,0.60696554
12661,0.6089268
12662,0.6089323
12663,0.61079264
12664,0.61076164
12665,0.60846716
12666,0.6089943
12667,0.60667676
12668,0.609011
12669,0.6051547
12670,0.6095703
12671,0.6086039
12672,0.6082114
12673,0.60651547
12674,0.6080059
12675,0.607502
12676,0.6095424
12677,0.6109119
12678,0.6088992
12679,0.6100132
12680,0.6082958
12681,0.61085045
12682,0.6087411
12683,0.6055233
12684,0.60875595
12685,0.60901684
12686,0.60540766
12687,0.61088943
12688,0.60852766
12689,0.61191523
12690,0.607753
12691,0.6112198
12692,0.6111363
12693,0.6087696
12694,0.60844535
12695,0.60651463
12696,0.6083181
12697,0.60780215
12698,0.608633
12699,0.6079143
12700,0.60810655
12701,0.60898584
12702,0.60907567
12703,0.60929555
12704,0.60828304
12705,0.60976154
12706,0.60853165
12707,0.60902387
12708,0.6114468
12709,0.6086258
12710,0.6079328
12711,0.60847646
12712,0.60919595
12713,0.60964084
12714,0.6107543
12715,0.6085619
12716,0.60906595
12717,0.61105585
12718,0.6108636
12719,0.60891473
12720,0.60883623
12721,0.6090702
12722,0.60953426
12723,0.6090643
12724,0.607844
12725,0.6056416
12726,0.6106641
12727,0.6083968
12728,0.60676265
12729,0.6085123
12730,0.6091286
12731,0.61067164
12732,0.60871
12733,0.6086147
12734,0.61088455
12735,0.608038
12736,0.6081051
12737,0.61101294
12738,0.6094456
12739,0.6089282
12740,0.6100732
12741,0.6056591
12742,0.6063362
12743,0.60766554
12744,0.6102666
12745,0.60698515
12746,0.6115393
12747,0.6071493
12748,0.6065909
12749,0.6056337
12750,0.60902286
12751,0.6099122
12752,0.61105704
12753,0.60884416
12754,0.6107693
12755,0.6070685
12756,0.60947764
12757,0.608752
12758,0.6106962
12759,0.61082274
12760,0.6081122
12761,0.60700387
12762,0.60962653
12763,0.60884625
12764,0.6080262
12765,0.60675156
12766,0.6108492
12767,0.6084969
12768,0.60908914
12769,0.6097346
12770,0.6076852
12771,0.61105406
12772,0.6108946
12773,0.60928875
12774,0.60864824
12775,0.60969764
12776,0.60891485
12777,0.6069338
12778,0.6059876
12779,0.6055841
12780,0.6076291
12781,0.60988605
12782,0.6069615
12783,0.6109107
12784,0.60600996
12785,0.6079682
12786,0.6068649
12787,0.6108964
12788,0.6106473
12789,0.6118696
12790,0.60877305
12791,0.60955817
12792,0.61116123
12793,0.6086301
12794,0.60908645
12795,0.6108881
12796,0.61131006
12797,0.6078492
12798,0.6072626
12799,0.60871637
12800,0.60882837
12801,0.6091869
12802,0.60900027
12803,0.60851526
12804,0.60928315
12805,0.60747504
12806,0.60862875
12807,0.608886
12808,0.6107431
12809,0.60861903
12810,0.607893
12811,0.61098367
12812,0.60796016
12813,0.6081324
12814,0.6082583
12815,0.60916096
12816,0.6090881
12817,0.6078274
12818,0.6084758
12819,0.6088086
12820,0.61080563
12821,0.61112744
12822,0.60533
12823,0.6061546
12824,0.61055875
12825,0.610093
12826,0.60884726
12827,0.6089904
12828,0.6109923
12829,0.60883176
12830,0.60751754
12831,0.60795224
12832,0.60800165
12833,0.6091358
12834,0.61029166
12835,0.6091773
12836,0.6108479
12837,0.6101618
12838,0.6078593
12839,0.60857415
12840,0.6088643
12841,0.608375
12842,0.6111579
12843,0.60928786
12844,0.6091332
12845,0.611442
12846,0.6090489
12847,0.60681194
12848,0.60833246
12849,0.60854775
12850,0.60877085
12851,0.6062317
12852,0.6070695
12853,0.60884166
12854,0.6116656
12855,0.60664076
12856,0.60506856
12857,0.6107588
12858,0.60906506
12859,0.6061941
12860,0.6089042
12861,0.61056983
12862,0.60882634
12863,0.60832226
12864,0.6090795
12865,0.6074701
12866,0.60880804
12867,0.60773593
12868,0.610841
12869,0.60832566
12870,0.6108834
12871,0.6088831
12872,0.60990745
12873,0.6086984
12874,0.60751796
12875,0.6099151
12876,0.6110056
12877,0.60965216
12878,0.6066507
12879,0.60864836
12880,0.61132884
12881,0.60530233
12882,0.60866386
12883,0.60950255
12884,0.6089155
12885,0.6115272
12886,0.6100966
12887,0.60965574
12888,0.6087606
12889,0.6089948
12890,0.6088171
12891,0.60878986
12892,0.60659987
12893,0.6079779
12894,0.61017823
12895,0.6097492
12896,0.60959494
12897,0.6085698
12898,0.6091226
12899,0.60990584
12900,0.60884976
12901,0.6109006
12902,0.610928
12903,0.60925543
12904,0.61173946
12905,0.60765815
12906,0.61173
12907,0.60706145
12908,0.6081883
12909,0.60857767
12910,0.60822856
12911,0.60759896
12912,0.6086138
12913,0.609205
12914,0.61095166
12915,0.60818696
12916,0.6068711
12917,0.6092194
12918,0.6073344
12919,0.6083345
12920,0.60900503
12921,0.6114688
12922,0.6109666
12923,0.6089762
12924,0.6062898
12925,0.6064852
12926,0.6087913
12927,0.611116
12928,0.6090091
12929,0.60907185
12930,0.6076337
12931,0.6082395
12932,0.61091274
12933,0.61070913
12934,0.6090696
12935,0.6080188
12936,0.60908246
12937,0.60509497
12938,0.608287
12939,0.6116395
12940,0.60855776
12941,0.60571015
12942,0.6117769
12943,0.60798335
12944,0.61071223
12945,0.6099207
12946,0.6099352
12947,0.60904133
12948,0.61084497
12949,0.60899705
12950,0.61119866
12951,0.6083208
12952,0.6086832
12953,0.6108713
12954,0.60792166
12955,0.6104267
12956,0.60911494
12957,0.61076003
12958,0.60797423
12959,0.60824955
12960,0.6087531
12961,0.6070573
12962,0.60864085
12963,0.6073361
12964,0.6073615
12965,0.60828984
12966,0.60809094
12967,0.61106336
12968,0.6093399
12969,0.6113934
12970,0.6084025
12971,0.6090672
12972,0.60850245
12973,0.60734016
12974,0.6087023
12975,0.6083668
12976,0.6107606
12977,0.6101015
12978,0.6096847
12979,0.60883915
12980,0.60926986
12981,0.6086809
12982,0.6099337
12983,0.6091739
12984,0.6080099
12985,0.60872394
12986,0.608157
12987,0.6076557
12988,0.609775
12989,0.60723484
12990,0.6073
12991,0.6059281
12992,0.6086718
12993,0.6081013
12994,0.61012036
12995,0.6088271
12996,0.609067
12997,0.61036354
12998,0.6105827
12999,0.609143
13000,0.60819733
13001,0.6109373
13002,0.6086616
13003,0.6088422
13004,0.60575175
13005,0.6108474
13006,0.61136657
13007,0.6102927
13008,0.60647094
13009,0.60812145
13010,0.61080474
13011,0.6108983
13012,0.608117
13013,0.6082697
13014,0.6090258
13015,0.6089669
13016,0.60862225
13017,0.6114633
13018,0.60818285
13019,0.6083708
13020,0.60773504
13021,0.60844254
13022,0.60600656
13023,0.6095991
13024,0.60798156
13025,0.6086374
13026,0.6088525
13027,0.60798216
13028,0.60737103
13029,0.6087508
13030,0.6079216
13031,0.6085911
13032,0.61109173
13033,0.61111826
13034,0.6088519
13035,0.61070645
13036,0.6107025
13037,0.60688925
13038,0.60899734
13039,0.60896516
13040,0.6087242
13041,0.6057925
13042,0.61094147
13043,0.6048624
13044,0.6089081
13045,0.6075904
13046,0.6078271
13047,0.608742
13048,0.6100911
13049,0.6089096
13050,0.6083759
13051,0.608241
13052,0.61174893
13053,0.6104204
13054,0.6078215
13055,0.60943735
13056,0.6052714
13057,0.60535705
13058,0.60909426
13059,0.60898435
13060,0.60971904
13061,0.6109488
13062,0.6088325
13063,0.6109054
13064,0.60925937
13065,0.6109113
13066,0.61159
13067,0.61094874
13068,0.60992247
13069,0.6088775
13070,0.6092322
13071,0.60541296
13072,0.60877794
13073,0.60771966
13074,0.6083897
13075,0.6081329
13076,0.6118106
13077,0.6106725
13078,0.60885376
13079,0.6080429
13080,0.60863525
13081,0.60891765
13082,0.610716
13083,0.60606295
13084,0.60974336
13085,0.6095357
13086,0.6072026
13087,0.60933775
13088,0.6111272
13089,0.6091028
13090,0.60796744
13091,0.609966
13092,0.61073494
13093,0.60877675
13094,0.6086137
13095,0.61157644
13096,0.609054
13097,0.6108537
13098,0.6116528
13099,0.60551304
13100,0.60961014
13101,0.6111175
13102,0.6088675
13103,0.6064581
13104,0.6097259
13105,0.60915565
13106,0.6075749
13107,0.6067183
13108,0.60933995
13109,0.61102855
13110,0.60781544
13111,0.6102541
13112,0.60791624
13113,0.60918075
13114,0.6092406
13115,0.60831714
13116,0.60872287
13117,0.6108604
13118,0.60962594
13119,0.6110573
13120,0.610644
13121,0.6045315
13122,0.6089435
13123,0.60566205
13124,0.6076169
13125,0.610103
13126,0.60918355
13127,0.6085906
13128,0.6077257
13129,0.6055248
13130,0.60881174
13131,0.60867536
13132,0.60826796
13133,0.60962665
13134,0.6090579
13135,0.61070186
13136,0.60948473
13137,0.610466
13138,0.60848504
13139,0.6083814
13140,0.6111485
13141,0.60835207
13142,0.6107819
13143,0.6078034
13144,0.6083182
13145,0.6059623
13146,0.6078963
13147,0.60829306
13148,0.6091707
13149,0.6091286
13150,0.6075198
13151,0.6097949
13152,0.608642
13153,0.60568434
13154,0.61080205
13155,0.608647
13156,0.609373
13157,0.6106241
13158,0.6080378
13159,0.60860556
13160,0.610748
13161,0.60918707
13162,0.6105627
13163,0.60520226
13164,0.61106426
13165,0.6085149
13166,0.6082236
13167,0.6110446
13168,0.608678
13169,0.6079533
13170,0.6076459
13171,0.6088142
13172,0.60998774
13173,0.60871536
13174,0.6107632
13175,0.60855997
13176,0.6089334
13177,0.6082015
13178,0.60884213
13179,0.6082541
13180,0.6076256
13181,0.6068918
13182,0.6090616
13183,0.60843945
13184,0.609741
13185,0.6109217
13186,0.609837
13187,0.60562223
13188,0.6086506
13189,0.60782903
13190,0.6096282
13191,0.6061274
13192,0.60884553
13193,0.608848
13194,0.60600644
13195,0.60751337
13196,0.60654414
13197,0.60743326
13198,0.6091721
13199,0.60842973
13200,0.6083571
13201,0.6107196
13202,0.6106843
13203,0.6077795
13204,0.6064456
13205,0.6088183
13206,0.6053693
13207,0.60720557
13208,0.6080003
13209,0.60860574
13210,0.60768616
13211,0.609077
13212,0.6074165
13213,0.6076119
13214,0.61132634
13215,0.6058871
13216,0.608756
13217,0.60831296
13218,0.61037487
13219,0.60724497
13220,0.611049
13221,0.60843724
13222,0.6089625
13223,0.6087589
13224,0.60872936
13225,0.60888106
13226,0.60776675
13227,0.6081681
13228,0.6088532
13229,0.61116517
13230,0.61182237
13231,0.609241
13232,0.60571814
13233,0.6086369
13234,0.60806555
13235,0.61097103
13236,0.60792065
13237,0.61064076
13238,0.61076874
13239,0.61118126
13240,0.60773325
13241,0.6064237
13242,0.61038655
13243,0.60880196
13244,0.61182964
13245,0.61075646
13246,0.6085298
13247,0.6109808
13248,0.6109089
13249,0.6110477
13250,0.60604495
13251,0.60683197
13252,0.6088038
13253,0.60922825
13254,0.6097767
13255,0.606413
13256,0.60899013
13257,0.60888135
13258,0.6109052
13259,0.60789305
13260,0.6055056
13261,0.6113228
13262,0.6087294
13263,0.6083982
13264,0.60805476
13265,0.61102897
13266,0.6098116
13267,0.6062903
13268,0.6078786
13269,0.6068619
13270,0.6088968
13271,0.6059385
13272,0.60976654
13273,0.60915846
13274,0.61117405
13275,0.60813826
13276,0.6077551
13277,0.6087934
13278,0.6087099
13279,0.6086138
13280,0.61087567
13281,0.6071076
13282,0.6070789
13283,0.6092134
13284,0.60918087
13285,0.6088574
13286,0.6081365
13287,0.61066383
13288,0.60915846
13289,0.6088104
13290,0.6073165
13291,0.6073302
13292,0.6070828
13293,0.61081934
13294,0.6082231
13295,0.60836744
13296,0.6114697
13297,0.60951126
13298,0.60868037
13299,0.6092415
13300,0.60816395
13301,0.6090549
13302,0.60651636
13303,0.6086633
13304,0.6079323
13305,0.6092172
13306,0.6057057
13307,0.61080456
13308,0.61089075
13309,0.6089104
13310,0.6085815
13311,0.6088848
13312,0.60917246
13313,0.60882634
13314,0.6086488
13315,0.60670316
13316,0.6090787
13317,0.6095317
13318,0.6098228
13319,0.60810506
13320,0.61073464
13321,0.60907507
13322,0.6098797
13323,0.607956
13324,0.60912573
13325,0.6086093
13326,0.6107765
13327,0.60772604
13328,0.6090477
13329,0.6069156
13330,0.60830265
13331,0.60641307
13332,0.6109761
13333,0.60956216
13334,0.60856605
13335,0.6089133
13336,0.6111335
13337,0.6074144
13338,0.60904646
13339,0.60887116
13340,0.61139345
13341,0.60665536
13342,0.60834956
13343,0.60942477
13344,0.60822326
13345,0.6056629
13346,0.6079658
13347,0.60818285
13348,0.60657847
13349,0.608838
13350,0.6115348
13351,0.60910296
13352,0.61105734
13353,0.6110247
13354,0.6079124
13355,0.61123836
13356,0.6101414
13357,0.61093694
13358,0.6087629
13359,0.60933346
13360,0.6094764
13361,0.6086287
13362,0.60896397
13363,0.6090778
13364,0.60836846
13365,0.6089463
13366,0.61093163
13367,0.6088796
13368,0.60884887
13369,0.6089891
13370,0.6109123
13371,0.6057457
13372,0.60985976
13373,0.6070919
13374,0.60951674
13375,0.60855985
13376,0.60870713
13377,0.60908455
13378,0.6098763
13379,0.61092764
13380,0.6108746
13381,0.6111387
13382,0.6088747
13383,0.61100477
13384,0.61084306
13385,0.6058111
13386,0.6085924
13387,0.6073518
13388,0.6100125
13389,0.6061535
13390,0.60815835
13391,0.6098217
13392,0.61069447
13393,0.6091614
13394,0.60735554
13395,0.6111559
13396,0.60903764
13397,0.61047894
13398,0.6077348
13399,0.60569465
13400,0.61122525
13401,0.6077688
13402,0.6068054
13403,0.60785013
13404,0.6092202
13405,0.61073154
13406,0.61077964
13407,0.60707253
13408,0.60739595
13409,0.6077324
13410,0.6081637
13411,0.60829294
13412,0.6088443
13413,0.61075336
13414,0.6108447
13415,0.6075671
13416,0.6086929
13417,0.6116967
13418,0.60826516
13419,0.60844094
13420,0.6111834
13421,0.61095047
13422,0.61050975
13423,0.6099675
13424,0.60949934
13425,0.6094844
13426,0.6091546
13427,0.6063882
13428,0.6099933
13429,0.60699064
13430,0.60601383
13431,0.6094968
13432,0.60668087
13433,0.6092417
13434,0.6080715
13435,0.60693026
13436,0.6109004
13437,0.6065487
13438,0.6073784
13439,0.6109891
13440,0.6092685
13441,0.6086178
13442,0.60764265
13443,0.6091145
13444,0.6071771
13445,0.61055845
13446,0.6106931
13447,0.6064756
13448,0.61057955
13449,0.60772115
13450,0.60928607
13451,0.6090585
13452,0.6106614
13453,0.6083583
13454,0.6092318
13455,0.6054151
13456,0.60855514
13457,0.61034817
13458,0.6084236
13459,0.6075076
13460,0.61059856
13461,0.6070938
13462,0.60682184
13463,0.60853523
13464,0.60593134
13465,0.6087317
13466,0.6096194
13467,0.61071527
13468,0.61151665
13469,0.60873944
13470,0.6111151
13471,0.6104223
13472,0.60800594
13473,0.61087507
13474,0.6108147
13475,0.60889965
13476,0.6090652
13477,0.6089387
13478,0.61075085
13479,0.6080629
13480,0.61007977
13481,0.6076878
13482,0.6069026
13483,0.60888594
13484,0.6080992
13485,0.6092735
13486,0.60851616
13487,0.6073644
13488,0.6060773
13489,0.6078814
13490,0.6084117
13491,0.6109672
13492,0.60890466
13493,0.6063001
13494,0.608774
13495,0.60904604
13496,0.6109262
13497,0.60703504
13498,0.60760605
13499,0.60940313
13500,0.6089868
13501,0.6111396
13502,0.60806805
13503,0.60739
13504,0.60828775
13505,0.6063888
13506,0.6106527
13507,0.60860294
13508,0.6100074
13509,0.6087432
13510,0.6108455
13511,0.6062059
13512,0.6097768
13513,0.6088556
13514,0.60849345
13515,0.6060775
13516,0.60786784
13517,0.60751075
13518,0.6083613
13519,0.6071571
13520,0.60686344
13521,0.6088959
13522,0.610102
13523,0.6082516
13524,0.60838366
13525,0.6074422
13526,0.6091282
13527,0.6111793
13528,0.6051669
13529,0.61067045
13530,0.6081383
13531,0.6107503
13532,0.607929
13533,0.6086084
13534,0.60869503
13535,0.6090276
13536,0.6115721
13537,0.60972095
13538,0.6109282
13539,0.60801953
13540,0.6092799
13541,0.60777456
13542,0.60949004
13543,0.6096381
13544,0.60991585
13545,0.6100647
13546,0.60696715
13547,0.6085288
13548,0.6114686
13549,0.60799265
13550,0.6089775
13551,0.61101234
13552,0.60787535
13553,0.6103464
13554,0.6090984
13555,0.60804063
13556,0.6089103
13557,0.6111783
13558,0.6085274
13559,0.60866046
13560,0.6089448
13561,0.6086899
13562,0.61046624
13563,0.6085408
13564,0.61085963
13565,0.61084026
13566,0.60848707
13567,0.61090565
13568,0.60850716
13569,0.608532
13570,0.6084919
13571,0.60869986
13572,0.6090187
13573,0.60912323
13574,0.60644954
13575,0.6108338
13576,0.6109046
13577,0.6110385
13578,0.6074086
13579,0.60903126
13580,0.60833347
13581,0.60703343
13582,0.6078954
13583,0.6084086
13584,0.6079524
13585,0.60681945
13586,0.60901237
13587,0.6093729
13588,0.60891294
13589,0.6110247
13590,0.60884655
13591,0.60948306
13592,0.6072408
13593,0.61091346
13594,0.60872644
13595,0.60666883
13596,0.60865986
13597,0.6083586
13598,0.60656965
13599,0.6090165
13600,0.6092212
13601,0.606495
13602,0.6099923
13603,0.6107217
13604,0.6091844
13605,0.6071565
13606,0.60767066
13607,0.6073972
13608,0.6088689
13609,0.6097159
13610,0.60928583
13611,0.610308
13612,0.60882723
13613,0.6090052
13614,0.610175
13615,0.6110381
13616,0.6096529
13617,0.60770094
13618,0.6100369
13619,0.6080072
13620,0.6061686
13621,0.6091643
13622,0.60908294
13623,0.6085672
13624,0.60990477
13625,0.60813856
13626,0.6083209
13627,0.60992765
13628,0.6115445
13629,0.60494107
13630,0.60784316
13631,0.6090612
14834,0.6096706
14835,0.6085746
14836,0.60543394
14837,0.6114965
14838,0.6087109
14839,0.60552394
14840,0.6076068
14841,0.6079622
14842,0.6070743
14843,0.6068259
14844,0.61018836
14845,0.6085641
14846,0.6064764
14847,0.60842323
14848,0.60987884
14849,0.6079552
14850,0.61198574
14851,0.607503
14852,0.6061267
14853,0.6089599
14854,0.6070893
14855,0.6084306
14856,0.61080223
14857,0.6086013
14858,0.60687304
14859,0.6106643
14860,0.6085475
14861,0.60906124
14862,0.6078826
14863,0.6064207
14864,0.6056351
14865,0.6092278
14866,0.60862374
14867,0.6091446
14868,0.60937583
14869,0.61004996
14870,0.60965085
14871,0.60743624
14872,0.60831416
14873,0.609287
14874,0.61133015
14875,0.60748845
14876,0.60863835
14877,0.6090314
14878,0.61014557
14879,0.6080063
14880,0.6079781
14881,0.60594517
14882,0.60836804
14883,0.61008775
14884,0.6081798
14885,0.61086816
14886,0.60859245
14887,0.6089833
14888,0.6105278
14889,0.6080605
14890,0.6081431
14891,0.61176413
14892,0.6097506
14893,0.60903776
14894,0.6057445
14895,0.6103623
14896,0.60887647
14897,0.6086151
14898,0.6050602
14899,0.61113447
14900,0.6080649
14901,0.6106879
14902,0.60594344
14903,0.6088546
14904,0.61008584
14905,0.6110956
14906,0.6069584
14907,0.6069382
14908,0.6107895
14909,0.60742456
14910,0.6061455
14911,0.61102545
14912,0.60669184
14913,0.6080919
14914,0.6083069
14915,0.6071893
14916,0.6084758
14917,0.6083546
14918,0.6080813
14919,0.6096795
14920,0.60870546
14921,0.60817844
14922,0.6101949
14923,0.6083861
14924,0.60842216
14925,0.608222
14926,0.6110508
14927,0.6089116
14928,0.6108652
14929,0.6094763
14930,0.60557705
14931,0.6089164
14932,0.60853654
14933,0.6057797
14934,0.6080916
14935,0.60670465
14936,0.6069067
14937,0.61176944
14938,0.6083695
14939,0.6113462
14940,0.60881853
14941,0.61018306
14942,0.6103237
14943,0.6094758
14944,0.60656476
14945,0.608738
14946,0.60763055
14947,0.6104434
14948,0.61033636
14949,0.6110037
14950,0.6091859
14951,0.6104288
14952,0.6087402
14953,0.6082618
14954,0.609807
14955,0.6069219
14956,0.6091657
14957,0.61157244
14958,0.60869074
14959,0.6082271
14960,0.6087673
14961,0.60768825
14962,0.6105323
14963,0.6057533
14964,0.60979575
14965,0.60890245
14966,0.6079839
14967,0.60839874
14968,0.6082319
14969,0.6089732
14970,0.6087191
14971,0.6090044
14972,0.606752
14973,0.61157453
14974,0.60687625
14975,0.60781986
14976,0.608109
14977,0.60794866
14978,0.6089617
14979,0.6109357
14980,0.60770166
14981,0.60787284
14982,0.60502845
14983,0.6089838
14984,0.60684997
14985,0.60929906
14986,0.6075372
14987,0.60593224
14988,0.6091139
14989,0.6070728
14990,0.60879725
14991,0.6082719
14992,0.6062571
14993,0.60911095
14994,0.61105406
14995,0.60852385
14996,0.6096684
14997,0.6110801
14998,0.6092288
14999,0.60578984
15000,0.60872376
15001,0.60859567
15002,0.60713875
15003,0.61160254
15004,0.6082533
15005,0.60681355
15006,0.60904074
15007,0.6081064
15008,0.60894907
15009,0.60728234
15010,0.6108482
15011,0.60999495
15012,0.6080062
15013,0.60873514
15014,0.60950106
15015,0.60721904
15016,0.60865504
15017,0.61176336
15018,0.6089236
15019,0.6110073
15020,0.60927695
15021,0.60890263
15022,0.6089616
15023,0.6072112
15024,0.60698885
15025,0.6111945
15026,0.6082344
15027,0.60791516
15028,0.60894173
15029,0.60656846
15030,0.6060704
15031,0.6108181
15032,0.6064229
15033,0.60582244
15034,0.6089241
15035,0.61080897
15036,0.6091814
15037,0.6096999
15038,0.60825104
15039,0.6101639
15040,0.6108199
15041,0.6090525
15042,0.60764873
15043,0.60842896
15044,0.6085674
15045,0.6066514
15046,0.60904145
15047,0.6082836
15048,0.61031985
15049,0.6085389
15050,0.60820466
15051,0.60826504
15052,0.608222
15053,0.60838884
15054,0.6089134
15055,0.607181
15056,0.6091465
15057,0.6109416
15058,0.6066108
15059,0.60826164
15060,0.6092114
15061,0.6072979
15062,0.60695535
15063,0.6084612
15064,0.6101674
15065,0.60685176
15066,0.60735345
15067,0.6087739
15068,0.6091191
15069,0.6092001
15070,0.6071748
15071,0.6069103
15072,0.6069367
15073,0.60883206
15074,0.61128485
15075,0.6111995
15076,0.60790914
15077,0.60940176
15078,0.6087301
15079,0.60839987
15080,0.60699713
15081,0.60560346
15082,0.6112027
15083,0.6110435
15084,0.609101
15085,0.6086931
15086,0.6086393
15087,0.60768753
15088,0.60810655
15089,0.6061199
15090,0.6100178
15091,0.6110177
15092,0.6087842
15093,0.60803163
15094,0.60817945
15095,0.61122906
15096,0.61073446
15097,0.6084213
15098,0.60959363
15099,0.60884166
15100,0.6081099
15101,0.60605115
15102,0.60870343
15103,0.60573816
15104,0.6071561
15105,0.6101814
15106,0.61118054
15107,0.6077151
15108,0.6083118
15109,0.6102683
15110,0.60949916
15111,0.60827696
15112,0.61098325
15113,0.6117407
15114,0.6086265
15115,0.6078872
15116,0.6072266
15117,0.6112263
15118,0.6116877
15119,0.6095057
15120,0.6090614
15121,0.6055241
15122,0.6077378
15123,0.608883
15124,0.6083585
15125,0.60793906
15126,0.6107364
15127,0.60804576
15128,0.6087593
15129,0.6090248
15130,0.60817933
15131,0.60986805
15132,0.6083959
15133,0.6110886
15134,0.6086085
15135,0.6074868
15136,0.608398
15137,0.6112003
15138,0.6095713
15139,0.60752106
15140,0.608685
15141,0.6106946
15142,0.6110433
15143,0.60921174
15144,0.60764366
15145,0.60923284
15146,0.60647833
15147,0.6084991
15148,0.6096494
15149,0.609086
15150,0.6076539
15151,0.60845727
15152,0.6105876
15153,0.61055976
15154,0.6110834
15155,0.60569495
15156,0.607906
15157,0.60992056
15158,0.605882
15159,0.6112898
15160,0.6082006
15161,0.60625094
15162,0.61127913
15163,0.6070435
15164,0.6085686
15165,0.6072294
15166,0.6079475
15167,0.6084278
15168,0.6093554
15169,0.60902005
15170,0.60743845
15171,0.6102858
15172,0.61087453
15173,0.6058962
15174,0.6088294
15175,0.6107565
15176,0.6084028
15177,0.6117213
15178,0.6091077
15179,0.60704535
15180,0.60748714
15181,0.60890687
15182,0.6076639
15183,0.60910046
15184,0.6079514
15185,0.6110677
15186,0.6054943
15187,0.60766435
15188,0.61103016
15189,0.6062523
15190,0.6060287
15191,0.6084587
15192,0.6106262
15193,0.6109485
15194,0.6089059
15195,0.61128306
15196,0.6083769
15197,0.60797316
15198,0.60847425
15199,0.6089433
15200,0.6060688
15201,0.60624725
15202,0.60633296
15203,0.6088942
15204,0.6090661
15205,0.6085202
15206,0.60905737
15207,0.60919654
15208,0.6090614
15209,0.6081744
15210,0.6072116
15211,0.6110713
15212,0.6087437
15213,0.60740817
15214,0.61132807
15215,0.60879004
15216,0.6064535
15217,0.60878193
15218,0.60906106
15219,0.6076109
15220,0.6086616
15221,0.6089833
15222,0.6087243
15223,0.60863173
15224,0.60968685
15225,0.6088908
15226,0.6066652
15227,0.6087497
15228,0.60847694
15229,0.60903245
15230,0.6049627
15231,0.605654
15232,0.61125934
15233,0.6086468
15234,0.60850555
15235,0.60957384
15236,0.60786545
15237,0.60995835
15238,0.61079824
15239,0.6052135
15240,0.6109559
15241,0.608541
15242,0.60772216
15243,0.6086868
15244,0.6086327
15245,0.6109775
15246,0.60537326
15247,0.60830384
15248,0.608465
15249,0.61086255
15250,0.6082383
15251,0.60728854
15252,0.61022985
15253,0.6083072
15254,0.60882187
15255,0.60909593
15256,0.61100686
15257,0.6081812
15258,0.610962
15259,0.6119521
15260,0.6089676
15261,0.60819805
15262,0.61177003
15263,0.6074571
15264,0.6061426
15265,0.6107285
15266,0.60727894
15267,0.6081754
15268,0.6116723
15269,0.6087651
15270,0.60978425
15271,0.6089406
15272,0.60701233
15273,0.6086699
15274,0.60773116
15275,0.60965526
15276,0.61116827
15277,0.6069031
15278,0.6087046
15279,0.60965246
15280,0.6104218
15281,0.6079534
15282,0.6065798
15283,0.6097766
15284,0.60863906
15285,0.60991144
15286,0.60689276
15287,0.6086033
15288,0.61101186
15289,0.605747
15290,0.6090344
15291,0.6105439
15292,0.611322
15293,0.6095441
15294,0.60748005
15295,0.60847014
15296,0.60878426
15297,0.6090631
15298,0.60935855
15299,0.6112018
15300,0.6084362
15301,0.60551655
15302,0.60656035
15303,0.6052285
15304,0.6115903
15305,0.60823464
15306,0.60811216
15307,0.60727006
15308,0.61053306
15309,0.6055223
15310,0.6085604
15311,0.6068433
15312,0.60867405
15313,0.6057336
15314,0.60732454
15315,0.6075085
15316,0.607413
15317,0.61135584
15318,0.60907227
15319,0.61068755
15320,0.6078763
15321,0.60826826
15322,0.61084884
15323,0.6083569
15324,0.60917675
15325,0.60931325
15326,0.60868245
15327,0.60617787
15328,0.61046374
15329,0.60598475
15330,0.60627216
15331,0.60832787
15332,0.607408
15333,0.6092839
15334,0.6087246
15335,0.6055428
15336,0.60488397
15337,0.6089939
15338,0.6088496
15339,0.6068547
15340,0.60757035
15341,0.6063383
15342,0.608125
15343,0.61093926
15344,0.60864323
15345,0.6097316
15346,0.6075688
15347,0.6102601
15348,0.60861
15349,0.60874385
15350,0.6065204
15351,0.60885304
15352,0.6088796
15353,0.60845697
15354,0.6064194
15355,0.6070101
15356,0.6081453
15357,0.61007535
15358,0.6061624
15359,0.6102172
15360,0.6084479
15361,0.6076979
15362,0.6087606
15363,0.61143947
15364,0.60787594
15365,0.6086743
15366,0.61016536
15367,0.6083578
15368,0.6104687
15369,0.6081839
15370,0.6073899
15371,0.608593
15372,0.60758024
15373,0.60858244
15374,0.6120405
15375,0.6060235
15376,0.60660785
15377,0.6089034
15378,0.60978436
15379,0.6096056
15380,0.6082021
15381,0.61081064
15382,0.6086657
15383,0.60855025
15384,0.60902405
15385,0.6081843
15386,0.6107034
15387,0.6075011
15388,0.6075207
15389,0.60852426
15390,0.6085465
15391,0.61136925
15392,0.6078711
15393,0.6072509
15394,0.60877854
15395,0.60683256
15396,0.61098635
15397,0.6068199
15398,0.60885984
15399,0.61020726
15400,0.6072497
15401,0.60650253
15402,0.61155385
15403,0.6113479
15404,0.6090953
15405,0.6090036
15406,0.61120576
15407,0.60961556
15408,0.6088439
15409,0.6083886
15410,0.60626686
15411,0.6067448
15412,0.6066496
15413,0.6066634
15414,0.6086453
15415,0.61076707
15416,0.60780656
15417,0.609329
15418,0.60844207
15419,0.6086518
15420,0.61068505
15421,0.6081698
15422,0.6097819
15423,0.60829884
15424,0.60918844
15425,0.60697603
15426,0.61096996
15427,0.6086974
15428,0.6078438
15429,0.6069885
15430,0.60823554
15431,0.6104063
15432,0.61185956
15433,0.60828304
15434,0.60886425
15435,0.6086709
15436,0.60793465
15437,0.61091
15438,0.6089199
15439,0.6089531
15440,0.61043817
15441,0.61100495
15442,0.6109205
15443,0.6077361
15444,0.60883945
15445,0.6090876
15446,0.6055133
15447,0.6088277
15448,0.60860115
15449,0.6113574
15450,0.6092118
15451,0.6075032
15452,0.6094403
15453,0.606384
15454,0.6082613
15455,0.6072048
15456,0.61019194
15457,0.61088526
15458,0.60976934
15459,0.6063555
15460,0.6055615
15461,0.6086909
15462,0.6107697
15463,0.60910416
15464,0.60670125
15465,0.61128664
15466,0.6115309
15467,0.6087754
15468,0.6089206
15469,0.60601217
15470,0.60911137
15471,0.60976535
15472,0.60637355
15473,0.6108499
15474,0.6072622
15475,0.6105595
15476,0.6065119
15477,0.6093651
15478,0.61069465
15479,0.60695094
15480,0.60879755
15481,0.60835993
15482,0.61121476
15483,0.61120385
15484,0.6085806
15485,0.6095816
15486,0.6060344
15487,0.60852295
15488,0.60679525
15489,0.60863304
15490,0.61129
15491,0.6084121
15492,0.60841554
15493,0.60600215
15494,0.60883015
15495,0.608847
15496,0.60932255
15497,0.6082181
15498,0.6082977
15499,0.60751534
15500,0.60705614
15501,0.60739005
15502,0.6075597
15503,0.6111482
15504,0.6107828
15505,0.6112609
15506,0.61064243
15507,0.6091467
15508,0.6085312
15509,0.610862
15510,0.6106891
15511,0.60849655
15512,0.610773
15513,0.611146
15514,0.6088679
15515,0.6057145
15516,0.6083535
15517,0.60722655
15518,0.61092067
15519,0.6063097
15520,0.6090133
15521,0.60893273
15522,0.60815865
15523,0.6079977
15524,0.6076095
15525,0.6076889
15526,0.6056059
15527,0.6103288
15528,0.61021465
15529,0.60689855
15530,0.6084488
15531,0.60919935
15532,0.61095625
15533,0.6065468
15534,0.60879993
15535,0.6115147
15536,0.60884684
15537,0.6095709
15538,0.60738724
15539,0.60834605
15540,0.60947746
15541,0.6097871
15542,0.6088679
15543,0.6085754
15544,0.61074424
15545,0.60864717
15546,0.6089869
15547,0.60848814
15548,0.6072296
15549,0.6110914
15550,0.6084198
15551,0.61134684
15552,0.60678184
15553,0.60913116
15554,0.60808754
15555,0.61079544
15556,0.6074143
15557,0.6087274
15558,0.6083276
15559,0.6062723
15560,0.606021
15561,0.608826
15562,0.60545397
15563,0.6113563
15564,0.60813016
15565,0.6080992
15566,0.60569555
15567,0.6066727
15568,0.6044805
15569,0.6110589
15570,0.60630774
15571,0.6085672
15572,0.6056123
15573,0.60842526
15574,0.6088357
15575,0.60634065
15576,0.6054024
15577,0.60775936
15578,0.6112262
15579,0.60639095
15580,0.6094502
15581,0.60927254
15582,0.6086645
15583,0.60847723
15584,0.60863316
15585,0.6091076
15586,0.61138314
15587,0.60845447
15588,0.60648084
15589,0.60964954
15590,0.60824025
15591,0.61119276
15592,0.6063689
15593,0.6082903
15594,0.6066331
15595,0.60919654
15596,0.607289
15597,0.6094253
15598,0.60804677
15599,0.61029303
15600,0.6093426
15601,0.6084742
15602,0.60747933
15603,0.61112106
15604,0.6110576
15605,0.6088843
15606,0.6087655
15607,0.605595
15608,0.60761714
15609,0.60642
15610,0.60915565
15611,0.6059153
15612,0.611313
15613,0.60917145
15614,0.61119926
15615,0.60878277
15616,0.6097558
15617,0.6086652
15618,0.6091747
15619,0.60816634
15620,0.608191
15621,0.6069836
15622,0.6090526
15623,0.6074492
15624,0.6089434
15625,0.6090732
15626,0.6085179
15627,0.6109734
15628,0.60684574
15629,0.6091941
15630,0.6088699
15631,0.60826886
15632,0.61179465
15633,0.6081718
15634,0.6062553
15635,0.6095826
15636,0.61159885
15637,0.60729843
15638,0.6088051
15639,0.6080253
15640,0.6085828
15641,0.6086794
15642,0.6114948
15643,0.60840166
15644,0.60810786
15645,0.6085642
15646,0.6081802
15647,0.61195266
15648,0.6095465
15649,0.61089873
15650,0.607457
15651,0.6082694
15652,0.60914576
15653,0.6091431
15654,0.604937
15655,0.6080882
15656,0.60841525
15657,0.6063655
15658,0.60860354
15659,0.6073026
15660,0.6103977
15661,0.61088634
15662,0.61188453
15663,0.61058646
15664,0.6064882
15665,0.60917044
15666,0.60891855
15667,0.6106369
15668,0.6113231
15669,0.6073336
15670,0.6070588
15671,0.6042523
15672,0.6087448
15673,0.6090685
15674,0.6067297
15675,0.6102456
15676,0.60846514
15677,0.60891825
15678,0.60893196
15679,0.608276
15680,0.6082829
15681,0.6109093
15682,0.60650057
15683,0.607116
15684,0.607693
15685,0.6098293
15686,0.60728985
15687,0.6116806
15688,0.6083755
15689,0.6084905
15690,0.60702753
15691,0.61081064
15692,0.60674065
15693,0.60986507
15694,0.60708386
15695,0.6081008
15696,0.6091487
15697,0.6053428
15698,0.60963374
15699,0.60924333
15700,0.60739255
15701,0.60623294
15702,0.60640526
15703,0.6056466
15704,0.60888237
15705,0.6087916
15706,0.60844153
15707,0.6066323
15708,0.6070152
15709,0.6064551
15710,0.6090922
15711,0.61029184
15712,0.6046356
15713,0.6111581
15714,0.6060203
15715,0.6110434
15716,0.60904425
15717,0.6095232
15718,0.60901153
15719,0.6103054
15720,0.6089562
15721,0.6059142
15722,0.6103621
15723,0.60639745
15724,0.6087432
15725,0.6089593
15726,0.608168
15727,0.6098206
15728,0.61086845
15729,0.6090748
15730,0.6096155
15731,0.60852814
15732,0.6097594
15733,0.6114818
15734,0.6099315
15735,0.6114493
15736,0.60891014
15737,0.6078321
15738,0.61115813
15739,0.6084437
15740,0.6071531
15741,0.60699624
15742,0.6081859
15743,0.6077029
15744,0.6078839
15745,0.61130095
15746,0.6086801
15747,0.6084211
15748,0.609096
15749,0.6106515
15750,0.61089164
15751,0.60875493
15752,0.60834587
15753,0.61158216
15754,0.6059618
15755,0.61138844
15756,0.60750204
15757,0.607369
15758,0.6081279
15759,0.60690147
15760,0.6072617
15761,0.61088294
15762,0.6099499
15763,0.60904086
15764,0.6081247
15765,0.6094411
15766,0.6083812
15767,0.60876226
15768,0.60894686
15769,0.61123043
15770,0.60575116
15771,0.60821533
15772,0.60567397
15773,0.61073565
15774,0.60912627
15775,0.6084942
15776,0.6089693
15777,0.60731274
15778,0.61102194
15779,0.60735667
15780,0.6088968
15781,0.6091459
15782,0.6087672
15783,0.60655
15784,0.6074366
15785,0.60851413
15786,0.6085767
15787,0.60856676
15788,0.6082242
15789,0.6105687
15790,0.6057021
15791,0.61152655
15792,0.60948837
15793,0.61137456
15794,0.6104165
15795,0.6078605
15796,0.60892874
15797,0.6086006
15798,0.60696566
15799,0.6096296
15800,0.60833037
15801,0.60755485
15802,0.6068326
15803,0.6118187
15804,0.60517305
15805,0.606422
15806,0.60769224
15807,0.6112206
15808,0.6072482
15809,0.6074656
15810,0.6081082
15811,0.6089626
15812,0.6071741
15813,0.60808986
15814,0.6069324
15815,0.6075747
15816,0.6086744
15817,0.60903895
15818,0.6091895
15819,0.60862523
15820,0.6062474
15821,0.6081103
15822,0.611499
15823,0.61063874
15824,0.60878855
15825,0.6081401
15826,0.6080614
15827,0.6084623
15828,0.6081206
15829,0.61167264
15830,0.60794467
15831,0.61157227
15832,0.608861
15833,0.611213
15834,0.60792124
15835,0.608717
15836,0.611889
15837,0.6118396
15838,0.61067045
15839,0.6096654
15840,0.6112893
15841,0.60769004
15842,0.6088648
15843,0.6110966
15844,0.6092185
15845,0.6073532
15846,0.6061178
15847,0.6089826
15848,0.6108816
15849,0.6088918
15850,0.6117583
15851,0.60959715
15852,0.6111461
15853,0.6069179
15854,0.60775065
15855,0.60583246
15856,0.6077861
15857,0.61068714
15858,0.60762084
15859,0.60630524
15860,0.61193186
15861,0.60865813
15862,0.60990626
15863,0.6085917
15864,0.61035657
15865,0.60919946
15866,0.6083844
15867,0.60990787
15868,0.6116078
15869,0.6081059
15870,0.608656
15871,0.6080407
15872,0.6110388
15873,0.6069191
15874,0.6072654
15875,0.6087585
15876,0.60802627
15877,0.60881007
15878,0.6109546
15879,0.60785955
15880,0.6090614
15881,0.61109763
15882,0.610435
15883,0.60761213
15884,0.6088075
15885,0.60892993
15886,0.6086363
15887,0.60815966
15888,0.609523
15889,0.610838
15890,0.6104798
15891,0.60873073
15892,0.6080081
15893,0.60811955
15894,0.6092547
15895,0.60786796
15896,0.60719204
15897,0.6093582
15898,0.6090373
15899,0.6078883
15900,0.6070689
15901,0.6093702
15902,0.61052924
15903,0.6079743
15904,0.61153775
15905,0.60858774
15906,0.6094165
15907,0.60674864
15908,0.610382
15909,0.6076363
15910,0.6090472
15911,0.61086506
15912,0.61172134
15913,0.6113584
15914,0.6065504
15915,0.60873675
15916,0.6062316
15917,0.6109983
15918,0.6085445
15919,0.6090617
15920,0.60895556
15921,0.6078151
15922,0.6103876
15923,0.60569245
15924,0.6102474
15925,0.60865873
15926,0.6092893
15927,0.6082812
15928,0.6063298
15929,0.6114787
15930,0.60663706
15931,0.6105616
15932,0.60841745
15933,0.6074072
15934,0.6116068
15935,0.60855395
15936,0.60899854
15937,0.6086729
15938,0.61124784
15939,0.61080235
15940,0.60759217
15941,0.61110204
15942,0.61182934
15943,0.60852486
15944,0.6083348
15945,0.6054786
15946,0.6085137
15947,0.6110396
15948,0.60854614
15949,0.60744727
15950,0.60764754
15951,0.6082389
15952,0.60562974
15953,0.60875463
15954,0.61034876
15955,0.60837406
15956,0.6081387
15957,0.60983104
15958,0.6089139
15959,0.6082427
15960,0.61149055
15961,0.61032975
15962,0.6104719
15963,0.6078146
15964,0.6070248
15965,0.60622394
15966,0.607315
15967,0.6101617
15968,0.6097096
15969,0.6089149
15970,0.6058368
15971,0.6092664
15972,0.6104082
15973,0.60808176
15974,0.61085874
15975,0.6102167
15976,0.6104042
15977,0.6081407
15978,0.6103042
15979,0.6087695
15980,0.607825
15981,0.6062077
15982,0.61040854
15983,0.60540843
15984,0.6108057
15985,0.6120234
15986,0.6096496
15987,0.6083199
15988,0.6117431
15989,0.6112649
15990,0.61139184
15991,0.6077065
15992,0.6092068
15993,0.6117132
15994,0.60861105
15995,0.61049145
15996,0.6098977
15997,0.6077292
15998,0.6069016
15999,0.6055767
16000,0.6088367
16001,0.6083354
16002,0.6089693
16003,0.605564
16004,0.60919845
16005,0.60667235
16006,0.6081151
16007,0.60895765
16008,0.6097166
16009,0.60952646
16010,0.6064182
16011,0.60902625
16012,0.6090347
16013,0.61114216
16014,0.61087453
16015,0.61035234
16016,0.6115482
16017,0.6084866
16018,0.6070287
16019,0.6076551
16020,0.6104266
16021,0.60628
16022,0.61136
16023,0.6070668
16024,0.60881376
16025,0.6090926
16026,0.6094985
16027,0.6089374
16028,0.61132824
16029,0.60858214
16030,0.61153686
16031,0.60659856
16032,0.610601
16033,0.6069073
16034,0.60923976
16035,0.6083625
16036,0.60683876
16037,0.60651743
16038,0.6071919
16039,0.60674214
16040,0.60786396
16041,0.6098912
16042,0.6097622
16043,0.60869336
16044,0.6085109
16045,0.60882115
16046,0.61177963
16047,0.60924023
16048,0.61154
16049,0.608191
16050,0.6065276
16051,0.60552484
16052,0.6107512
16053,0.6086658
16054,0.60929483
16055,0.61058754
16056,0.60820216
16057,0.6112749
16058,0.61061454
16059,0.6108318
16060,0.60982513
16061,0.61097425
16062,0.6089709
16063,0.61097467
16064,0.607163
16065,0.6058699
16066,0.60782194
16067,0.6082992
16068,0.60574836
16069,0.6087215
16070,0.6083447
16071,0.6074255
16072,0.6086557
16073,0.6080192
16074,0.60668397
16075,0.611016
16076,0.60852695
16077,0.6055449
16078,0.611007
16079,0.60748583
16080,0.60881585
16081,0.6094229
16082,0.6056161
16083,0.6088801
16084,0.60609186
16085,0.60902333
16086,0.6103834
16087,0.60850054
16088,0.6066005
16089,0.6076728
16090,0.6087805
16091,0.60872525
16092,0.606473
16093,0.6106489
16094,0.60729223
16095,0.60903776
16096,0.60842484
16097,0.6081287
16098,0.6099846
16099,0.6110145
16100,0.6066085
16101,0.6085508
16102,0.6102671
16103,0.61173755
16104,0.60568196
16105,0.6101188
16106,0.60760736
16107,0.60568094
16108,0.6072061
16109,0.60912997
16110,0.6086843
16111,0.61092883
16112,0.6093518
16113,0.61106235
16114,0.61138326
16115,0.60712063
16116,0.6081451
16117,0.6085872
16118,0.61037976
16119,0.60586095
16120,0.60716003
16121,0.6079421
16122,0.60749805
16123,0.6088248
16124,0.60820323
16125,0.60613084
16126,0.60995317
16127,0.6064251
16128,0.60595554
16129,0.6084082
16130,0.6113027
16131,0.60885936
16132,0.6066596
16133,0.60887176
16134,0.6090374
16135,0.60907197
16136,0.60700005
16137,0.607783
16138,0.6075394
16139,0.6087621
16140,0.60621643
16141,0.611831
16142,0.61079293
16143,0.60867095
16144,0.60906696
16145,0.6060285
16146,0.6115424
16147,0.610348
16148,0.6097555
16149,0.60656327
16150,0.608514
16151,0.6060788
16152,0.607977
16153,0.60695744
16154,0.60527056
16155,0.6101447
16156,0.6112911
16157,0.60895616
16158,0.60704577
16159,0.6049672
16160,0.6062716
16161,0.6089723
16162,0.6080111
16163,0.60760885
16164,0.60991675
16165,0.6097761
16166,0.6091827
16167,0.6077405
16168,0.610666
16169,0.6092234
16170,0.6113165
16171,0.60659343
16172,0.60894907
16173,0.6080407
16174,0.61033857
16175,0.60968053
16176,0.6110235
16177,0.61180395
16178,0.6087629
16179,0.606603
16180,0.6081425
16181,0.6062037
16182,0.60700196
16183,0.6048208
16184,0.60931927
16185,0.60543597
16186,0.6085432
16187,0.6088502
16188,0.61015266
16189,0.60877246
16190,0.60905313
16191,0.608334
16192,0.60855514
16193,0.6085143
16194,0.60794824
16195,0.6089286
16196,0.6075134
16197,0.60814625
16198,0.60819674
16199,0.61045283
16200,0.6089996
16201,0.60706365
16202,0.60843194
16203,0.6096636
16204,0.6065139
16205,0.60867774
16206,0.610905
16207,0.60742354
16208,0.60542893
16209,0.6064127
16210,0.61144257
16211,0.6079886
16212,0.60594213
16213,0.60955334
16214,0.61076856
16215,0.6095889
16216,0.6115712
16217,0.6084332
16218,0.60889626
16219,0.6078733
16220,0.61058414
16221,0.60974026
16222,0.6079639
16223,0.6065124
16224,0.60931396
16225,0.6118386
16226,0.60882324
16227,0.6115852
16228,0.61025286
16229,0.6056973
16230,0.6079078
16231,0.60864717
16232,0.60859776
16233,0.6091781
16234,0.60738087
16235,0.61118865
16236,0.61129427
16237,0.6087998
16238,0.6084776
16239,0.60770714
16240,0.609608
16241,0.60829365
16242,0.60883385
16243,0.6088285
16244,0.6115737
16245,0.6076622
16246,0.6113539
16247,0.6101993
16248,0.60667735
16249,0.60868704
16250,0.6105887
16251,0.6065656
16252,0.60879356
16253,0.60821676
16254,0.60943836
16255,0.6103152
16256,0.61145824
16257,0.6109461
16258,0.6061742
16259,0.61049026
16260,0.6051508
16261,0.608264
16262,0.6089065
16263,0.61162955
16264,0.60915446
16265,0.60697097
16266,0.6089873
16267,0.60869026
16268,0.60845935
16269,0.6060968
16270,0.6093994
16271,0.60855216
16272,0.6079461
16273,0.6080372
16274,0.60825497
16275,0.60609436
16276,0.6085691
16277,0.607202
16278,0.6059133
16279,0.60727984
16280,0.6075634
16281,0.61098474
16282,0.6086669
16283,0.60653824
16284,0.60911876
16285,0.6091068
16286,0.6061962
16287,0.60814637
16288,0.61148363
16289,0.6106232
16290,0.6080638
16291,0.6094209
16292,0.608941
16293,0.6080486
16294,0.60921663
16295,0.60597193
16296,0.60850596
16297,0.6084605
16298,0.61026347
16299,0.60956144
16300,0.605425
16301,0.6088301
16302,0.6082877
16303,0.60814047
16304,0.60895795
16305,0.6084857
16306,0.6099379
16307,0.6078904
16308,0.61008745
16309,0.6088781
16310,0.6088157
16311,0.6111291
16312,0.60638404
16313,0.61095893
16314,0.6090832
16315,0.6111203
16316,0.60883605
16317,0.60875285
16318,0.6089207
16319,0.6116296
16320,0.60869426
16321,0.6109447
16322,0.6051434
16323,0.60860217
16324,0.6083153
16325,0.6088268
16326,0.61167896
16327,0.6088221
16328,0.61093926
16329,0.6092566
16330,0.609775
16331,0.6107747
16332,0.6086804
16333,0.6087925
16334,0.6091654
16335,0.6079926
16336,0.6094924
16337,0.6087032
16338,0.6079775
16339,0.6080978
16340,0.60933274
16341,0.60878617
16342,0.6090035
16343,0.60893744
16344,0.6081483
16345,0.61091024
16346,0.6080348
16347,0.611594
16348,0.61164844
16349,0.60902625
16350,0.6106075
16351,0.6094823
16352,0.61136574
16353,0.6113118
16354,0.6075708
16355,0.60779977
16356,0.6087155
16357,0.60860217
16358,0.6088896
16359,0.6089693
16360,0.6077161
16361,0.608203
16362,0.6096093
16363,0.6085451
16364,0.6083371
16365,0.6116335
16366,0.6085344
16367,0.6109299
16368,0.6095894
16369,0.6089875
16370,0.60880685
16371,0.60642254
16372,0.6107493
16373,0.61073005
16374,0.6116597
16375,0.60904014
16376,0.6108829
16377,0.60716057
16378,0.6110638
16379,0.60897696
16380,0.61126953
16381,0.60848
16382,0.6107287
16383,0.60931194
16384,0.6107221
16385,0.6105285
16386,0.6098148
16387,0.6082188
16388,0.60938185
16389,0.609897
16390,0.6089473
16391,0.60913926
16392,0.61013144
16393,0.607508
16394,0.6087507
16395,0.6078895
16396,0.60901374
16397,0.6049595
16398,0.60580844
16399,0.6083788
16400,0.6086579
16401,0.6092465
16402,0.61180955
16403,0.60811067
16404,0.60842913
16405,0.6076425
16406,0.6073626
16407,0.60799676
16408,0.6087743
16409,0.6092497
16410,0.6101522
16411,0.6064432
16412,0.6105202
16413,0.61105514
16414,0.6085373
16415,0.60786486
16416,0.60673505
16417,0.60752493
16418,0.60954684
16419,0.60507715
16420,0.60690725
16421,0.60855275
16422,0.60820955
16423,0.6110618
16424,0.6085323
16425,0.60889935
16426,0.60917604
16427,0.6082289
16428,0.611742
16429,0.6079993
16430,0.60565275
16431,0.6087
16432,0.61092305
16433,0.60810107
16434,0.60933095
16435,0.6089881
16436,0.6112007
16437,0.6063434
16438,0.6096206
16439,0.6085194
16440,0.6062582
16441,0.6085973
16442,0.6091695
16443,0.6106754
16444,0.6084723
16445,0.61075306
16446,0.6092043
16447,0.6055557
16448,0.6083039
16449,0.6087835
16450,0.6116388
16451,0.60678464
16452,0.60944057
16453,0.6105518
16454,0.6086552
16455,0.607211
16456,0.6093707
16457,0.60854495
16458,0.6095478
16459,0.6084874
16460,0.60870063
16461,0.6112301
16462,0.6085654
16463,0.60765845
16464,0.6116128
16465,0.6113328
16466,0.60635066
16467,0.6093465
16468,0.6109698
16469,0.6084415
16470,0.6070083
16471,0.6080031
16472,0.61060214
16473,0.60808295
16474,0.6111007
16475,0.6082955
16476,0.6105411
16477,0.6084704
16478,0.6085384
16479,0.60643256
16480,0.61164176
16481,0.6093948
16482,0.60804033
16483,0.6062746
16484,0.6084573
16485,0.61055964
16486,0.60982966
16487,0.6081719
16488,0.6091853
16489,0.6080418
16490,0.6047757
16491,0.60832816
16492,0.6083829
16493,0.60808045
16494,0.608045
16495,0.60697824
16496,0.61085856
16497,0.6104504
16498,0.6088958
16499,0.6071298
16500,0.608203
16501,0.6064318
16502,0.6117082
16503,0.6088519
16504,0.60885423
16505,0.60885954
16506,0.6086371
16507,0.6090429
16508,0.6106433
16509,0.606968
16510,0.6091868
16511,0.60906494
16512,0.6088485
16513,0.60835445
16514,0.6071143
16515,0.6074571
16516,0.60880154
16517,0.6115198
16518,0.6117065
16519,0.6099135
16520,0.6115251
16521,0.6117585
16522,0.60987675
16523,0.60846263
16524,0.6084657
16525,0.6081517
16526,0.60824496
16527,0.6061974
16528,0.61076844
16529,0.60590386
16530,0.60645723
16531,0.6102726
16532,0.6077367
16533,0.6080118
16534,0.6110998
16535,0.6112619
16536,0.6064875
16537,0.61074275
16538,0.6085164
16539,0.6114361
16540,0.6067137
16541,0.60707366
16542,0.6081333
16543,0.61108804
16544,0.6086851
16545,0.6080765
16546,0.6091542
16547,0.60941356
16548,0.6094675
16549,0.6112693
16550,0.6106284
16551,0.6077494
16552,0.6115079
16553,0.6111163
16554,0.6078823
16555,0.60908246
16556,0.61158055
16557,0.6095159
16558,0.6060503
16559,0.6108585
16560,0.6065344
16561,0.60798734
16562,0.6086638
16563,0.61077374
16564,0.6060244
16565,0.60815626
16566,0.60911477
16567,0.6108277
16568,0.6061249
16569,0.6076715
16570,0.61076516
16571,0.60901004
16572,0.6106293
16573,0.6085139
16574,0.6080093
16575,0.6082179
16576,0.60830617
16577,0.6082275
16578,0.6094386
16579,0.60868615
16580,0.60898083
16581,0.6083147
16582,0.6092976
16583,0.6085782
16584,0.6087023
16585,0.60740167
16586,0.60884595
16587,0.6087401
16588,0.6084549
16589,0.61110383
16590,0.60531634
16591,0.60959744
16592,0.60815245
16593,0.6088227
16594,0.6114676
16595,0.6091844
16596,0.6071449
16597,0.60612196
16598,0.60896534
16599,0.60810006
16600,0.6111685
16601,0.6091457
16602,0.6080377
16603,0.6090544
16604,0.60570437
16605,0.60679376
16606,0.6112842
16607,0.6080189
16608,0.609348
16609,0.61068684
16610,0.60708547
16611,0.6084142
16612,0.60862875
16613,0.6106459
16614,0.61141616
16615,0.61110294
16616,0.6057054
16617,0.60818756
16618,0.6108547
16619,0.61060524
16620,0.60768354
16621,0.608916
16622,0.60738325
16623,0.6064683
16624,0.6108508
16625,0.6099696
16626,0.61065775
16627,0.6089975
16628,0.6076588
16629,0.60955554
16630,0.60872215
16631,0.60651785
16632,0.60860956
16633,0.6105121
17834,0.6090961
17836,0.60980415
17837,0.6103101
17838,0.61107343
17839,0.61093044
17840,0.61118233
17841,0.60991573
17842,0.6090974
17843,0.61088556
17844,0.6105675
17845,0.61020064
17846,0.6087061
17847,0.6100703
17849,0.61044675
17850,0.61116964
17851,0.6105247
17852,0.61162466
17853,0.60945046
17854,0.6094028
17856,0.6102214
17857,0.6095237
17858,0.6076483
17859,0.60992175
17860,0.6108135
17861,0.6093073
17862,0.61103773
17863,0.6113149
17864,0.6108734
17865,0.61194634
17867,0.61045367
17868,0.6116615
17869,0.6105839
17870,0.6098231
17871,0.6103082
17872,0.60958034
17873,0.6104991
17874,0.6090943
17875,0.611148
17876,0.61111933
17878,0.6116296
17879,0.6111545
17880,0.60902166
17881,0.6111674
17882,0.60973215
17883,0.6106566
17884,0.6099097
17885,0.61145985
17886,0.6106699
17887,0.61104375
17888,0.61055005
17889,0.61190385
17890,0.6095245
17891,0.6074746
17892,0.6104704
17893,0.60829955
17894,0.60926086
17896,0.61037976
17897,0.6090603
17898,0.6104898
17899,0.61081094
17900,0.6098046
17901,0.61061
17902,0.6116098
17903,0.6099194
17904,0.609335
17905,0.61091125
17906,0.6111109
17908,0.60778683
17909,0.60864955
17910,0.6113328
17911,0.6100163
17912,0.6102237
17913,0.6093129
17914,0.61035186
17915,0.60926265
17916,0.6107602
17917,0.61135656
17918,0.61005217
17919,0.60954106
17920,0.6093905
17921,0.6103613
17922,0.60915756
17923,0.60886234
17924,0.610637
17926,0.61044186
17927,0.6117473
17928,0.61113167
17930,0.60878634
17931,0.60771626
17932,0.6102409
17933,0.609479
17935,0.60965323
17936,0.6104822
17937,0.610643
17938,0.61037886
17939,0.61085624
17940,0.61105144
17941,0.61013514
17942,0.60812414
17943,0.6116998
17944,0.6096272
17945,0.6088663
17946,0.6093436
17947,0.6107355
17949,0.6117021
17950,0.61005354
17951,0.6106583
17952,0.609912
17953,0.6100612
17954,0.6115296
17955,0.60969985
17957,0.6109867
17959,0.61120254
17961,0.60990745
17962,0.6103965
17963,0.61078525
17964,0.61043656
17965,0.6112411
17966,0.6099164
17967,0.61038244
17968,0.6100272
17969,0.60989577
17970,0.6099404
17971,0.6118623
17973,0.6099697
17974,0.61179143
17975,0.61197686
17976,0.6112387
17977,0.60839665
17978,0.6107562
17979,0.6090288
17980,0.6098276
17981,0.6112451
17982,0.6108414
17983,0.60892016
17984,0.60946405
17985,0.60997087
17986,0.61158806
17987,0.61031353
17988,0.6091427
17989,0.6094134
17990,0.61191046
17991,0.61038274
17992,0.6109538
17993,0.60983986
17996,0.6103259
17997,0.61028796
17998,0.60981405
18000,0.6107971
18001,0.6097579
18002,0.6116957
18004,0.6101489
18005,0.6112913
18006,0.61060894
18008,0.6093966
18011,0.6110499
18012,0.6115943
18013,0.6110066
18014,0.6087445
18015,0.61170846
18016,0.6110135
18017,0.6112912
18018,0.6098781
18019,0.6111501
18020,0.60992557
18021,0.6090855
18022,0.6112247
18023,0.6113956
18025,0.60991746
18026,0.6082889
18028,0.60808104
18029,0.6102542
18030,0.61031336
18031,0.61072445
18032,0.6091114
18033,0.6100183
18034,0.60979944
18035,0.6084931
18036,0.6107982
18037,0.60988504
18038,0.60860604
18039,0.6091961
18040,0.61060923
18041,0.6089399
18042,0.60985374
18043,0.6113325
18044,0.6102442
18045,0.61134446
18046,0.6117978
18047,0.60979146
18048,0.6094237
18049,0.61110234
18050,0.6110646
18051,0.61089605
18052,0.611003
18053,0.61005926
18054,0.611569
18055,0.6103872
18056,0.61094904
18057,0.6102802
18058,0.6094108
18060,0.61094993
18061,0.6117194
18062,0.60949
18064,0.6095666
18065,0.6109204
18066,0.61028874
18067,0.61157703
18068,0.6100944
18070,0.607635
18071,0.6119743
18072,0.6101073
18073,0.61009955
18074,0.61173844
18075,0.611809
18076,0.61179036
18077,0.6112914
18078,0.6095816
18079,0.61098856
18080,0.61147726
18081,0.60777766
18082,0.6098595
18083,0.6100866
18084,0.61033535
18086,0.60997003
18087,0.6091519
18088,0.611107
18089,0.61054796
18090,0.61138874
18091,0.6110486
18092,0.60868347
18093,0.6100294
18094,0.60982877
18095,0.61049056
18096,0.609751
18097,0.6098603
18098,0.6109168
18099,0.6116644
18100,0.61160094
18102,0.60935724
18103,0.6096699
18105,0.6096934
18106,0.6119524
18107,0.6111869
18108,0.61083883
18109,0.6106188
18110,0.61103195
18112,0.60922676
18114,0.6095913
18115,0.6102897
18116,0.60897195
18117,0.60884684
18118,0.61013126
18119,0.61158675
18120,0.6091444
18121,0.61070305
18123,0.61125386
18124,0.6111964
18126,0.61135256
18127,0.61098635
18128,0.6089958
18129,0.61042213
18130,0.6091123
18131,0.6093934
18132,0.6099627
18133,0.6093267
18134,0.61108357
18135,0.61044216
18136,0.6091494
18137,0.60934925
18138,0.61064947
18140,0.6086768
18141,0.6116102
18142,0.61103195
18143,0.61099464
18144,0.6090305
18146,0.61159664
18147,0.6097779
18148,0.6111033
18149,0.6101236
18150,0.6098109
18151,0.6099447
18152,0.6111418
18153,0.61060256
18154,0.6095366
18156,0.60882187
18159,0.6092847
18160,0.6098737
18161,0.6113595
18162,0.61168003
18163,0.60956335
18164,0.6092234
18165,0.6117339
18166,0.6119584
18167,0.61108124
18168,0.6096731
18169,0.61072534
18170,0.6113671
18171,0.6119301
18172,0.6106516
18173,0.6099569
18174,0.610965
18175,0.61100024
18177,0.60951406
18178,0.6109017
18179,0.6115242
18180,0.6094541
18181,0.6096269
18182,0.61010146
18183,0.6102789
18184,0.6113041
18185,0.6101744
18186,0.6118726
18187,0.61101466
18189,0.60995764
18190,0.60997134
18191,0.6088152
18192,0.6101206
18193,0.61003584
18194,0.61147213
18195,0.61016864
18196,0.61143935
18197,0.60926867
18198,0.6107321
18200,0.6107762
18201,0.6112935
18202,0.6104735
18203,0.61077976
18205,0.61141974
18206,0.6097276
18207,0.61062974
18208,0.6089636
18209,0.6101893
18210,0.6096302
18211,0.6116509
18212,0.6096439
18213,0.6103948
18215,0.6114125
18217,0.6092464
18218,0.6099436
18219,0.61145175
18220,0.60936123
18221,0.6107338
18222,0.6100388
18223,0.60901004
18225,0.60987103
18226,0.6107401
18227,0.61012506
18228,0.61073226
18229,0.61070603
18230,0.61159
18231,0.60780925
18232,0.6114054
18233,0.6110318
18234,0.61055803
18235,0.611791
18236,0.6091941
18237,0.60950726
18238,0.6090564
18239,0.611008
18240,0.61020637
18241,0.6091622
18242,0.6090564
18243,0.6107628
18244,0.6105604
18245,0.61094624
18246,0.61005414
18247,0.611792
18248,0.6105745
18249,0.61099154
18250,0.61052895
18251,0.61061674
18252,0.6111227
18253,0.60980666
18254,0.60929465
18255,0.6092245
18256,0.6104265
18257,0.6104305
18258,0.6107704
18259,0.61066604
18260,0.6112262
18261,0.6114715
18262,0.6104669
18263,0.61029124
18264,0.61175776
18265,0.60938215
18266,0.6109893
18267,0.60996914
18268,0.61066043
18269,0.60931724
18271,0.6103547
18272,0.6116547
18273,0.6100968
18275,0.61188537
18276,0.6093169
18277,0.609628
18278,0.60922384
18279,0.60993874
18280,0.6086999
18281,0.6098534
18282,0.6087571
18283,0.6103889
18284,0.6114353
18285,0.6088757
18286,0.6087377
18287,0.6101334
18288,0.6116016
18289,0.6114579
18290,0.61042154
18291,0.60833335
18292,0.60868394
18293,0.6103477
18294,0.6119853
18295,0.60882354
18296,0.6106635
18297,0.6108003
18298,0.6088272
18300,0.6113365
18301,0.6091961
18302,0.6115408
18303,0.6093916
18304,0.6108899
18305,0.609472
18306,0.61194634
18307,0.60807395
18308,0.61094826
18309,0.60934216
18310,0.61205745
18311,0.6102233
18312,0.61045384
18314,0.6106152
18317,0.6097324
18318,0.6093908
18319,0.61058015
18320,0.6101605
18321,0.60920316
18322,0.6102669
18324,0.61005217
18325,0.6096153
18326,0.6110159
18327,0.6102216
18329,0.611877
18330,0.61143273
18331,0.61031896
18332,0.61109334
18333,0.60977477
18334,0.6118261
18335,0.6114343
18336,0.60899085
18337,0.60849035
18338,0.60905385
18339,0.60995674
18340,0.6116796
18341,0.6077877
18342,0.60989994
18343,0.61092204
18344,0.6116444
18345,0.6101783
18346,0.6104962
18347,0.6089248
18348,0.6113996
18349,0.6092539
18350,0.6101042
18352,0.608254
18353,0.6117547
18354,0.6099542
18355,0.61134857
18356,0.6101798
18357,0.61021835
18358,0.60916543
18361,0.61074394
18362,0.6105897
18363,0.609775
18364,0.60935736
18365,0.6096539
18366,0.60902214
18367,0.6080376
18368,0.6115016
18369,0.61080813
18370,0.6108482
18371,0.61080164
18373,0.609247
18374,0.6107462
18375,0.6108331
18376,0.6107671
18377,0.6107481
18378,0.6109535
18379,0.6102688
18380,0.6100565
18381,0.60749775
18383,0.61019385
18384,0.60968757
18386,0.61114186
18387,0.6098895
18388,0.6107796
18389,0.6117245
18390,0.6102294
18391,0.6092797
18392,0.61192745
18393,0.60801136
18394,0.6089912
18395,0.6100547
18396,0.6110422
18398,0.60969657
18399,0.6109097
18401,0.60996807
18402,0.61159796
18403,0.6106899
18404,0.60859346
18405,0.60960895
18406,0.61095005
18407,0.610408
18408,0.60997385
18409,0.6091333
18411,0.61065316
18412,0.61013514
18413,0.6102897
18414,0.61073744
18415,0.6106201
18416,0.60838866
18417,0.6117727
18418,0.60810626
18419,0.61074233
18421,0.61047894
18422,0.61004955
18423,0.6098245
18424,0.60854554
18426,0.61009115
18427,0.60899115
18428,0.611631
18429,0.6102764
18430,0.6098028
18432,0.6094344
18433,0.610971
18434,0.61139315
18435,0.6119008
18436,0.6110436
18438,0.6110038
18441,0.6107832
18442,0.61057776
18444,0.6098564
18445,0.6116635
18446,0.6119742
18448,0.6115731
18449,0.6102037
18450,0.60861313
18451,0.611062
18453,0.60976714
18454,0.6096035
18455,0.6109788
18456,0.6108674
18458,0.6082775
18459,0.6119025
18460,0.6089922
18461,0.610721
18463,0.6120767
18464,0.6117601
18465,0.6116411
18466,0.6101253
18467,0.6110738
18468,0.61118525
18471,0.6104473
18472,0.61056805
18473,0.609744
18474,0.61065066
18475,0.6095057
18476,0.6117159
18477,0.6096481
18478,0.6094397
18479,0.609726
18480,0.6084087
18481,0.61040795
18482,0.60957783
18484,0.6100205
18485,0.6092439
18488,0.61073554
18489,0.61060697
18490,0.60919255
18491,0.61101365
18492,0.60839254
18494,0.61126053
18495,0.6098881
18496,0.6115029
18497,0.6116918
18498,0.6116597
18499,0.6105563
18500,0.6077699
18501,0.6110269
18502,0.6115712
18503,0.6092812
18504,0.61150616
18505,0.60987973
18506,0.60969263
18507,0.6113492
18508,0.60844004
18509,0.61007464
18510,0.6115886
18511,0.61121374
18512,0.6102701
18513,0.608336
18514,0.60998863
18515,0.60988593
18516,0.60913837
18517,0.61141455
18518,0.61111367
18519,0.6099484
18520,0.6080603
18521,0.60824805
18522,0.6111654
18523,0.61048675
18524,0.6115663
18525,0.6107737
18526,0.6116119
18527,0.60918313
18528,0.61130464
18529,0.6103998
18530,0.60943997
18531,0.6113787
18533,0.6105479
18534,0.61056966
18535,0.610354
18536,0.6103195
18537,0.6106368
18538,0.609347
18539,0.610445
18540,0.6085718
18541,0.6071521
18542,0.6098635
18544,0.60857254
18545,0.6112238
18546,0.6098086
18547,0.6106314
18548,0.61050886
18549,0.61046743
18550,0.6102873
18551,0.61053216
18552,0.6113194
18553,0.61089575
18554,0.61198133
18556,0.611785
18557,0.6097269
18558,0.6109371
18559,0.6084545
18560,0.6102213
18561,0.60938436
18562,0.6113029
18563,0.6105382
18564,0.61016136
18565,0.61009836
18566,0.61040556
18567,0.61038435
18569,0.6083184
18570,0.6102514
18571,0.6109082
18572,0.61065346
18573,0.61034006
18574,0.60988134
18575,0.6090592
18576,0.61173964
18577,0.6112872
18578,0.6102972
18579,0.6092733
18580,0.6084795
18581,0.6095441
18582,0.60937196
18583,0.6088316
18584,0.6103158
18586,0.6103594
18587,0.61015946
18588,0.61061037
18590,0.6117612
18591,0.61032665
18592,0.6109652
18593,0.61057216
18594,0.6098766
18595,0.60996395
18596,0.6084922
18597,0.6116046
18598,0.6090764
18599,0.61081064
18600,0.60807234
18601,0.61148155
18602,0.6116015
18603,0.60839355
18604,0.6088397
18605,0.60859424
18606,0.6100766
18607,0.6095395
18608,0.6114275
18609,0.61067367
18610,0.61053014
18611,0.6096344
18612,0.60977
18613,0.60921675
18614,0.6094854
18615,0.60980767
18616,0.6102989
18617,0.6097964
18618,0.60932493
18619,0.60955036
18620,0.60958886
18621,0.6099241
18622,0.6107193
18624,0.60950994
18626,0.610882
18627,0.6086907
18628,0.6092594
18629,0.60894823
18630,0.61021686
18631,0.6099902
18632,0.6095046
18633,0.6105531
18634,0.6106176
18635,0.60927576
18636,0.6102349
18637,0.61029404
18638,0.6108417
18639,0.61053836
18640,0.6100999
18641,0.6117321
18642,0.6093475
18643,0.61058646
18644,0.6099673
18645,0.61081284
18646,0.609457
18647,0.609395
18648,0.60951596
18649,0.61195207
18650,0.61012506
18651,0.6102802
18652,0.6105916
18653,0.6081662
18654,0.6088348
18655,0.6084641
18656,0.6095576
18657,0.610854
18658,0.6111402
18659,0.61039895
18660,0.61035556
18661,0.6092236
18662,0.6092282
18663,0.6094754
18664,0.6108356
18666,0.61115336
18667,0.6101718
18668,0.6112827
18669,0.609285
18670,0.60970795
18671,0.60926986
18672,0.6115348
18674,0.60963476
18675,0.6113798
18676,0.6098143
18677,0.6107969
18678,0.61157966
18680,0.61080927
18681,0.60974133
18682,0.6109728
18683,0.60950106
18684,0.6088953
18685,0.60833997
18686,0.611548
18688,0.61104476
18689,0.61123145
18690,0.6104967
18691,0.6102222
18693,0.61036175
18694,0.6116715
18695,0.61013764
18696,0.6108914
18697,0.61074257
18698,0.6110133
18700,0.6092636
18701,0.6097105
18702,0.61094433
18703,0.6108034
18704,0.60988647
18705,0.61074376
18706,0.6116526
18707,0.6095204
18708,0.6106288
18709,0.61186814
18710,0.60944086
18711,0.6106032
18712,0.6119926
18713,0.61080873
18714,0.610994
18715,0.6112361
18716,0.6118959
18717,0.61170286
18718,0.6109133
18719,0.6107009
18720,0.61154747
18721,0.61200035
18722,0.6097005
18723,0.6097464
18724,0.61050934
18725,0.6090537
18726,0.61142534
18727,0.6115667
18729,0.60993606
18730,0.6118768
18731,0.608875
18732,0.6110746
18733,0.6107001
18734,0.6119144
18736,0.6103656
18737,0.60898435
18738,0.6087833
18739,0.61116654
18740,0.6108445
18741,0.60973626
18742,0.6100614
18743,0.6118742
18744,0.61119616
18745,0.6097104
18747,0.6115345
18748,0.61174613
18749,0.61086774
18750,0.6111669
18751,0.60982424
18752,0.60959005
18753,0.6109478
18754,0.6097124
18756,0.6105261
18757,0.6087329
18758,0.6096983
18759,0.6107322
18760,0.6092218
18761,0.61148995
18762,0.60878944
18763,0.60871565
18764,0.6107049
18765,0.61176986
18766,0.61078286
18767,0.6118896
18768,0.61154115
18769,0.6098637
18770,0.6067951
18771,0.60852665
18772,0.61005855
18773,0.6115542
18774,0.6086668
18775,0.60923344
18776,0.61072403
18777,0.6104942
18778,0.6100284
18779,0.60973346
18780,0.61185145
18781,0.61121714
18782,0.6106661
18783,0.6112655
18784,0.6087986
18785,0.6108695
18786,0.6100971
18787,0.61160994
18788,0.61063164
18789,0.6117558
18790,0.61027074
18791,0.60869235
18792,0.61009556
18793,0.6099639
18794,0.6112229
18795,0.6117696
18796,0.6101293
18797,0.6101157
18798,0.61092997
18799,0.61102474
18800,0.60972023
18801,0.6095231
18802,0.61066145
18803,0.6089358
18804,0.61138594
18805,0.61107814
18806,0.6086113
18807,0.61098474
18808,0.6114481
18809,0.61006325
18810,0.6103012
18811,0.60952467
18812,0.609465
18813,0.6113808
18814,0.60807043
18815,0.61110216
18816,0.60966015
18817,0.61039793
18818,0.6103652
18819,0.6093751
18820,0.60992074
18821,0.6109943
18822,0.6113135
18823,0.6088441
18824,0.61042875
18825,0.61056364
18826,0.61007905
18827,0.6119154
18829,0.6103991
18830,0.6098771
18831,0.61104226
18832,0.60773194
18833,0.6116149
18834,0.6096551
18835,0.6102093
18836,0.6089438
18837,0.60860217
18839,0.6107789
18840,0.6098432
18841,0.6091981
18842,0.61089426
18843,0.61187893
18844,0.6107565
18845,0.60870886
18847,0.6094515
18848,0.60779124
18849,0.60941404
18851,0.6111253
18852,0.6120082
18853,0.6103745
18854,0.60978204
18855,0.60995865
18856,0.6102389
18857,0.61044323
18858,0.6108938
18859,0.61126274
18860,0.6116048
18861,0.61139864
18862,0.61070347
18863,0.6117849
18864,0.6087374
18865,0.6098487
18868,0.61006504
18870,0.61006534
18871,0.6095098
18872,0.6114836
18873,0.61011404
18874,0.60848385
18875,0.60850537
18876,0.611636
18877,0.60954314
18878,0.6105431
18879,0.611512
18880,0.6112375
18881,0.6081779
18882,0.61073166
18883,0.6089592
18884,0.6086734
18885,0.61037433
18886,0.6112241
18887,0.60891247
18888,0.60950875
18889,0.61050117
18890,0.6114415
18891,0.6099416
18892,0.6097977
18894,0.6105472
18895,0.61112696
18896,0.6102696
18897,0.6107944
18898,0.6090504
18899,0.60913265
18900,0.61198497
18901,0.6118415
18902,0.6106742
18903,0.6103259
18904,0.611273
18905,0.6101015
18906,0.60901886
18907,0.6108108
18908,0.61158735
18909,0.60799843
18910,0.6102257
18911,0.6112227
18912,0.6080884
18913,0.60978884
18914,0.6113038
18915,0.6107348
18916,0.6104838
18917,0.6089212
18919,0.61201054
18920,0.61032116
18921,0.6088558
18922,0.6099725
18923,0.61092556
18924,0.6107172
18925,0.60839945
18926,0.6112487
18927,0.6107432
18928,0.60906124
18929,0.6116707
18930,0.6100981
18931,0.6093821
18932,0.60961497
18933,0.61179984
18934,0.6088136
18935,0.60908467
18936,0.6103879
18937,0.61021864
18938,0.611819
18939,0.61078215
18940,0.60955757
18941,0.6111629
18942,0.609861
18943,0.6074209
18944,0.6097977
18945,0.61000055
18946,0.61013895
18947,0.61111987
18949,0.61073315
18950,0.61008155
18951,0.6094406
18952,0.61123675
18954,0.60822386
18955,0.60972977
18956,0.6107462
18957,0.6098675
18958,0.61203265
18959,0.61089146
18960,0.6107472
18961,0.6105496
18962,0.6087301
18963,0.6110066
18964,0.6107044
18965,0.6109373
18967,0.61046535
18968,0.61080486
18969,0.6106624
18970,0.61031157
18971,0.6109497
18972,0.6097835
18973,0.61118376
18974,0.61081296
18976,0.61051
18977,0.6099686
18978,0.61044234
18979,0.61115247
18980,0.6111683
18981,0.61006916
18982,0.6096092
18983,0.61032593
18984,0.61104965
18985,0.6108016
18986,0.6097612
18987,0.60920227
18988,0.61159575
18989,0.6090326
18990,0.6103115
18991,0.61128044
18993,0.6098912
18994,0.6108928
18995,0.6092748
18996,0.6105257
18997,0.6115039
18998,0.611458
18999,0.6104915
19000,0.6101316
19001,0.60909736
19002,0.61026645
19003,0.61096543
19004,0.6102939
19005,0.60876954
19006,0.6116878
19007,0.61019784
19008,0.6112386
19009,0.61049706
19010,0.6118877
19011,0.6095158
19012,0.6091536
19013,0.6117813
19015,0.6104842
19017,0.60870486
19018,0.6111054
19020,0.6090826
19022,0.6096082
19023,0.61095726
19024,0.60940486
19025,0.6092826
19026,0.6097586
19027,0.6114696
19028,0.61105675
19029,0.60980666
19030,0.6110401
19031,0.6114449
19032,0.6096318
19033,0.6115156
19034,0.61064214
19035,0.60988826
19036,0.61128944
19037,0.6093665
19038,0.611666
19039,0.61104125
19041,0.61031914
19042,0.61038053
19044,0.6103717
19046,0.6119946
19047,0.6095897
19048,0.6107329
19049,0.6099893
19050,0.6112656
19051,0.6118202
19052,0.6100283
19054,0.60915416
19055,0.6093639
19056,0.6087108
19057,0.61052036
19058,0.6092113
19059,0.610405
19060,0.6080857
19061,0.61067265
19062,0.61049455
19063,0.6080591
19064,0.61093897
19065,0.6091476
19068,0.61058426
19069,0.60988784
19070,0.61054826
19071,0.60855323
19072,0.6104662
19073,0.6091333
19076,0.6103622
19077,0.60820377
19078,0.60884255
19079,0.6097462
19080,0.61123353
19081,0.6119992
19082,0.6104033
19083,0.61145186
19084,0.60924363
19085,0.6107914
19086,0.60974216
19087,0.60883266
19089,0.6105296
19090,0.6100391
19091,0.61001486
19092,0.60894257
19093,0.6111034
19094,0.60917294
19095,0.60909605
19096,0.60803646
19097,0.6111841
19098,0.6092826
19099,0.61084974
19100,0.6104842
19101,0.61001986
19102,0.60914797
19103,0.61007035
19104,0.609185
19105,0.60958076
19106,0.609892
19107,0.6099647
19108,0.6085265
19109,0.6092359
19110,0.60917056
19111,0.6105515
19112,0.6105369
19113,0.61085564
19114,0.6092274
19116,0.61161476
19117,0.6104392
19118,0.60861653
19119,0.6094512
19120,0.6088359
19122,0.6116084
19123,0.6108816
19124,0.6091698
19125,0.6083521
19126,0.6090488
19127,0.60978156
19129,0.61119854
19130,0.60948914
19131,0.6107879
19132,0.61024
19134,0.6110001
19135,0.61046743
19136,0.61071783
19137,0.60926694
19138,0.611133
19139,0.6116187
19140,0.61107385
19141,0.608434
19143,0.61146265
19144,0.60976666
19145,0.6080647
19146,0.60967743
19147,0.60894567
19148,0.6111635
19149,0.6106991
19150,0.61172086
19151,0.61017996
19152,0.6111837
19153,0.60950935
19154,0.6094761
19155,0.6109473
19156,0.61109906
19158,0.60973334
19159,0.61176646
19160,0.6092167
19161,0.61161155
19162,0.61000913
19163,0.6098963
19164,0.60951674
19165,0.6092515
19166,0.61022604
19167,0.6098564
19168,0.6087094
19169,0.6084133
19170,0.6086681
19171,0.61142147
19172,0.60998017
19173,0.6093924
19174,0.6109844
19175,0.60871243
19176,0.6103355
19177,0.6106446
19178,0.6099224
19179,0.6107115
19180,0.60886407
19181,0.6099526
19183,0.609967
19184,0.61062336
19185,0.60996395
19186,0.6107899
19187,0.6080339
19188,0.6114616
19189,0.6112504
19190,0.6113558
19191,0.6096756
19192,0.60786885
19193,0.6101264
19194,0.6101316
19195,0.61054826
19196,0.61133426
19197,0.6107977
19198,0.6099335
19199,0.6118617
19200,0.6094851
19201,0.61012715
19202,0.6099134
19203,0.60949916
19204,0.609443
19205,0.609785
19206,0.61042106
19207,0.61017376
19208,0.6087442
19209,0.6111239
19210,0.6100843
19211,0.6117014
19212,0.61183536
19213,0.6100922
19214,0.6119446
19215,0.6106037
19216,0.61010265
19217,0.61033124
19219,0.60973144
19220,0.6109636
19221,0.6111344
19222,0.61139107
19223,0.6111906
19224,0.6112889
19225,0.6109922
19226,0.6095109
19227,0.60989493
19228,0.61004996
19229,0.6104481
19230,0.61032283
19231,0.6102867
19232,0.61002684
19233,0.60973006
19234,0.6116773
19236,0.61147493
19237,0.6082506
19238,0.6109878
19239,0.6109918
19240,0.61117357
19241,0.61198545
19242,0.61161155
19243,0.60973346
19244,0.6095139
19245,0.6087455
19246,0.609611
19247,0.6100888
19248,0.6106371
19249,0.6096912
19250,0.61025447
19251,0.61146885
19253,0.60919785
19254,0.61145854
19255,0.6098776
19256,0.6118396
19257,0.60939354
19258,0.6105698
19259,0.6099177
19260,0.609516
19261,0.6117942
19262,0.6113396
19263,0.609695
19264,0.6110439
19265,0.61083454
19266,0.61010283
19267,0.61184233
19268,0.61011755
19270,0.6102661
19271,0.6100153
19272,0.6092875
19273,0.6103777
19274,0.609104
19275,0.61083615
19276,0.60969794
19277,0.6089032
19278,0.6107432
19280,0.60997856
19281,0.60995466
19282,0.61075425
19283,0.6090329
19285,0.60933715
19286,0.6112964
19287,0.60940576
19289,0.6096507
19290,0.6089376
19291,0.6095627
19292,0.61168504
19293,0.60951537
19294,0.6096318
19295,0.61083466
19296,0.6107441
19297,0.60920954
19298,0.61159825
19300,0.61103296
19301,0.60998195
19302,0.6111003
19303,0.6091862
19304,0.6116907
19305,0.6084072
19306,0.60903084
19307,0.60969067
19308,0.6087278
19310,0.61037856
19311,0.6109591
19312,0.6102867
19313,0.61099917
19314,0.6111369
19315,0.61111045
19316,0.61023843
19317,0.6086972
19318,0.60983163
19319,0.61168027
19320,0.6109108
19321,0.61068374
19322,0.6090674
19323,0.6096121
19324,0.6100307
19326,0.6097188
19327,0.6090811
19328,0.6099554
19329,0.6087842
19330,0.60978466
19331,0.61095923
19332,0.60927224
19333,0.6101659
19334,0.6111942
19335,0.61179566
19336,0.61169255
19337,0.6116129
19338,0.6094246
19339,0.6106201
19340,0.60954493
19341,0.6105261
19342,0.6100923
19343,0.60938954
19344,0.6083501
19345,0.6087399
19346,0.6113104
19348,0.61143243
19349,0.6109262
19350,0.60868996
19351,0.6113582
19352,0.60850734
19353,0.6106321
19354,0.6109248
19355,0.6108901
19356,0.60997355
19357,0.60864216
19358,0.61075383
19359,0.61030394
19360,0.6112827
19361,0.6102829
19362,0.60956466
19363,0.6103834
19364,0.6088624
19366,0.6101982
19368,0.6103609
19369,0.6087618
19371,0.6109236
19372,0.6116326
19373,0.61130685
19374,0.60940266
19375,0.6086064
19376,0.61048144
19377,0.60925233
19378,0.61147004
19379,0.6106941
19380,0.6103151
19381,0.61087334
19382,0.6093694
19383,0.61075497
19384,0.61028075
19385,0.60989106
19386,0.6101202
19387,0.609373
19388,0.60956013
19389,0.6103342
19390,0.60955954
19391,0.60924596
19392,0.6107997
19393,0.6109277
19394,0.60881144
19395,0.6102842
19396,0.60959005
19397,0.61046064
19398,0.61097294
19400,0.6108389
19401,0.6097128
19402,0.6113927
19403,0.61038005
19404,0.6096527
19405,0.61059964
19406,0.6077228
19408,0.6107368
19409,0.60741884
19410,0.6119896
19411,0.6094529
19412,0.6089301
19413,0.61061215
19414,0.6115708
19415,0.6099492
19416,0.6094664
19417,0.60939515
19419,0.6108394
19420,0.60865515
19421,0.61076385
19422,0.6092252
19423,0.60704225
19424,0.6112509
19425,0.61108416
19427,0.61104137
19428,0.6105451
19429,0.61135787
19430,0.60907614
19431,0.6095729
19432,0.6083238
19433,0.6105501
19434,0.6110233
19435,0.6117352
19436,0.6113964
19437,0.6113666
19438,0.6097826
19439,0.6109763
19440,0.609813
19441,0.61104804
19442,0.6101266
19443,0.609444
19444,0.61135614
19445,0.6100036
19446,0.6094088
19447,0.60906714
19448,0.6103949
19449,0.6102191
19450,0.61160713
19451,0.6098359
19454,0.6101779
19455,0.6096448
19456,0.609775
19457,0.60994244
19458,0.61167014
19459,0.6090963
19460,0.61032003
19462,0.60993737
19463,0.610939
19464,0.6090753
19465,0.6108172
19466,0.6105095
19467,0.6103517
19468,0.6104339
19469,0.60936666
19470,0.6114013
19471,0.61072904
19472,0.6069506
19473,0.6108535
19474,0.6105694
19475,0.61142945
19476,0.6096752
19477,0.6098873
19478,0.6105696
19479,0.6108206
19480,0.61026865
19481,0.61014295
19482,0.6108901
19484,0.61177266
19485,0.6093136
19488,0.60816455
19489,0.6099689
19490,0.61022
19491,0.61088747
19492,0.61111295
19493,0.6110681
19494,0.6108061
19495,0.60995495
19496,0.6110056
19497,0.6103386
19498,0.61125636
19499,0.6107975
19500,0.6119459
19501,0.6108546
19502,0.61035025
19503,0.61020243
19504,0.61020225
19505,0.6113303
19506,0.6109069
19507,0.61006045
19508,0.60994095
19509,0.61008495
19510,0.6089599
19511,0.61176604
19512,0.6103783
19513,0.610646
19514,0.6095173
19515,0.6080376
19516,0.6083625
19517,0.60961384
19518,0.6108853
19519,0.61090314
19520,0.60911566
19521,0.6094605
19522,0.61066395
19523,0.60961765
19524,0.6113365
19525,0.60897326
19526,0.6098577
19527,0.6096017
19528,0.6097982
19529,0.6108955
19530,0.610834
19533,0.6104316
19534,0.60968417
19535,0.60943216
19536,0.6100068
19537,0.60922724
19538,0.6095751
19539,0.6118923
19540,0.6117269
19541,0.6110692
19542,0.6090464
19543,0.6091922
19544,0.6116486
19545,0.6106841
19546,0.6087073
19547,0.6108786
19548,0.6091318
19549,0.6117037
19550,0.61087465
19553,0.6092342
19554,0.61098224
19555,0.60983264
19556,0.6114345
19557,0.6103121
19558,0.6099287
19559,0.61047775
19561,0.6096022
19562,0.6104976
19563,0.610233
